CHROM	BIN_START	N_SNPS	TajimaD
10	92600000	81	-0.672749
10	92610000	58	-0.840473
10	92620000	69	-1.09724
10	92630000	64	-0.543356
10	92640000	47	-1.40901
10	92650000	46	-0.570392
10	92660000	70	-1.23451
10	92670000	39	-1.38522
10	92680000	37	-1.14005
10	92690000	19	-1.6378
10	92700000	56	0.54656
10	92710000	37	0.54277
10	92720000	76	-1.3026
10	92730000	40	-1.37631
10	92740000	48	-1.44178
10	92750000	57	-1.38398
10	92760000	50	-1.03595
10	92770000	50	-0.609048
10	92780000	63	-0.319004
10	92790000	44	-0.80762
10	92800000	47	-0.41151

Mean  -0.8632986666666667
Standard Deviation  0.6036857128221881
