CHROM	BIN_START	N_SNPS	TajimaD
13	109790000	57	-0.102364
13	109800000	64	0.21561
13	109810000	51	0.434146
13	109820000	58	-1.58171
13	109830000	78	-2.2928
13	109840000	76	-0.194226
13	109850000	63	-0.675171
13	109860000	38	-0.996476
13	109870000	58	0.163895
13	109880000	58	-1.01402
13	109890000	63	-0.0539598
13	109900000	99	1.54401
13	109910000	65	0.743561
13	109920000	68	-0.835626
13	109930000	61	-1.04696
13	109940000	61	-0.853841
13	109950000	42	-0.961935
13	109960000	71	-1.64697
13	109970000	72	-1.48575
13	109980000	71	-1.03037
13	109990000	85	-0.783581
13	110000000	88	-0.828589

Mean  -0.6037784909090909
Standard Deviation  0.8782143283003555
