SNP_Position	EHH                         
112898787	1.0
112898847	1.0
112898862	1.0
112898870	1.0
112898874	1.0
112898974	1.0
112899013	1.0
112899026	0.9895833333333334
112899040	0.9895833333333334
112899063	0.9895833333333334
112899085	0.9895833333333334
112899109	0.9895833333333334
112899113	0.9895833333333334
112899152	0.9895833333333334
112899189	0.9895833333333334
112899192	0.9895833333333334
112899331	0.9895833333333334
112899491	0.9792212041884816
112899566	0.9792212041884816
112899629	0.9792212041884816
112899678	0.9792212041884816
112899715	0.6288721640488656
112899790	0.6209642233856894
112899809	0.6209642233856894
112899810	0.6209642233856894
112899849	0.6209642233856894
112899855	0.6209642233856894
112899857	0.6131108202443281
112899907	0.6131108202443281
112900076	0.6131108202443281
112900091	0.6131108202443281
112900100	0.6131108202443281
112900110	0.6131108202443281
112900194	0.6131108202443281
112900203	0.6131108202443281
112900215	0.6131108202443281
112900219	0.6131108202443281
112900284	0.6053119546247818
112900341	0.6053119546247818
112900342	0.5975676265270506
112900498	0.5975676265270506
112900511	0.5975676265270506
112900538	0.5975676265270506
112900644	0.5975676265270506
112900678	0.5975676265270506
112900722	0.5975676265270506
112900727	0.5391034031413613
112900729	0.5391034031413613
112900733	0.5391034031413613
112900749	0.5391034031413613
112900782	0.5391034031413613
112900834	0.5391034031413613
112900873	0.5391034031413613
112900875	0.5391034031413613
112900884	0.5318499127399651
112900918	0.5318499127399651
112900929	0.5318499127399651
112900936	0.5318499127399651
112900938	0.5318499127399651
112900963	0.5318499127399651
112900972	0.5318499127399651
112901010	0.5318499127399651
112901051	0.5318499127399651
112901067	0.5318499127399651
112901112	0.5246509598603839
112901131	0.5175065445026178
112901162	0.5175065445026178
112901173	0.5175065445026178
112901223	0.5175065445026178
112901248	0.5175065445026178
112901279	0.5175065445026178
112901309	0.5175065445026178
112901329	0.5175065445026178
112901367	0.5175065445026178
112901480	0.5175065445026178
112901585	0.5175065445026178
112901612	0.5175065445026178
112901617	0.5175065445026178
112901632	0.5175065445026178
112901635	0.5175065445026178
112901638	0.5151614310645725
112901666	0.5151614310645725
112901675	0.5151614310645725
112901798	0.5151614310645725
112901800	0.5151614310645725
112901914	0.5151614310645725
112901928	0.5151614310645725
112902007	0.5151614310645725
112902077	0.5151614310645725
112902119	0.5151614310645725
112902146	0.5151614310645725
112902302	0.5151614310645725
112902305	0.5151614310645725
112902343	0.5151614310645725
112902353	0.5151614310645725
112902403	0.5151614310645725
112902405	0.5151614310645725
112902446	0.5151614310645725
112902451	0.5151614310645725
112902479	0.5151614310645725
112902601	0.5151614310645725
112902654	0.5151614310645725
112902675	0.4804210296684119
112902702	0.4804210296684119
112902761	0.4804210296684119
112902776	0.4804210296684119
112902850	0.4804210296684119
112902867	0.4804210296684119
112902895	0.4804210296684119
112902899	0.4804210296684119
112902911	0.400305410122164
112902982	0.400305410122164
112903009	0.400305410122164
112903122	0.400305410122164
112903220	0.400305410122164
112903251	0.400305410122164
112903266	0.400305410122164
112903269	0.400305410122164
112903318	0.400305410122164
112903325	0.400305410122164
112903397	0.400305410122164
112903462	0.400305410122164
112903489	0.400305410122164
112903550	0.3708551483420593
112903560	0.3708551483420593
112903563	0.3708551483420593
112903610	0.3708551483420593
112903619	0.3708551483420593
112903623	0.3708551483420593
112903660	0.3708551483420593
112903683	0.3708551483420593
112903684	0.3708551483420593
112903693	0.3708551483420593
112903699	0.3708551483420593
112903700	0.3708551483420593
112903765	0.3708551483420593
112903823	0.3708551483420593
112903864	0.3708551483420593
112903875	0.3708551483420593
112903963	0.3708551483420593
112904086	0.3708551483420593
112904126	0.3708551483420593
112904177	0.3708551483420593
112904238	0.2113328970331588
112904249	0.2113328970331588
112904252	0.2113328970331588
112904367	0.2113328970331588
112904453	0.2113328970331588
112904454	0.2113328970331588
112904456	0.2113328970331588
112904499	0.2113328970331588
112904554	0.2113328970331588
112904643	0.2113328970331588
112904644	0.2113328970331588
112904700	0.2113328970331588
112904749	0.206424520069808
112904752	0.1457787958115183
112904776	0.1457787958115183
112904784	0.1457787958115183
112904798	0.1457787958115183
112904916	0.1457787958115183
112905010	0.1457787958115183
112905031	0.1457787958115183
112905133	0.1457787958115183
112905155	0.1457787958115183
112905157	0.1457787958115183
112905178	0.1457787958115183
112905251	0.1457787958115183
112905340	0.1457787958115183
112905395	0.1457787958115183
112905401	0.1457787958115183
112905423	0.1457787958115183
112905440	0.1457787958115183
112905471	0.1457787958115183
112905521	0.1457787958115183
112905541	0.1457787958115183
112905559	0.1457787958115183
112905566	0.1457787958115183
112905609	0.1457787958115183
112905652	0.1457787958115183
112905669	0.1435972949389179
112905699	0.1435972949389179
112905722	0.1435972949389179
112905743	0.1435972949389179
112905775	0.1435972949389179
112905783	0.1435972949389179
112905882	0.1435972949389179
112905961	0.1435972949389179
112905979	0.1435972949389179
112906007	0.1435972949389179
112906012	0.1435972949389179
112906043	0.1435972949389179
112906055	0.1435972949389179
112906078	0.1435972949389179
112906096	0.1435972949389179
112906130	0.1337805410122164
112906172	0.1337805410122164
112906175	0.131653577661431
112906235	0.131653577661431
112906286	0.131653577661431
112906305	0.131653577661431
112906405	0.131653577661431
112906473	0.1255999127399651
112906474	0.1255999127399651
112906504	0.1255999127399651
112906506	0.1255999127399651
112906509	0.1255999127399651
112906517	0.1255999127399651
112906562	0.1255999127399651
112906583	0.1255999127399651
112906585	0.1255999127399651
112906651	0.1255999127399651
112906661	0.1255999127399651
112906670	0.1255999127399651
112906702	0.1255999127399651
112906703	0.1255999127399651
112906718	0.1255999127399651
112906732	0.1255999127399651
112906756	0.1255999127399651
112906784	0.1255999127399651
112906822	0.1255999127399651
112906834	0.1255999127399651
112906841	0.1255999127399651
112906850	0.1255999127399651
112906892	0.1255999127399651
112906989	0.1255999127399651
112907068	0.1255999127399651
112907070	0.1255999127399651
112907136	0.1255999127399651
112907140	0.1255999127399651
112907141	0.1255999127399651
112907172	0.1255999127399651
112907227	0.1255999127399651
112907234	0.1255999127399651
112907235	0.1255999127399651
112907264	0.1255999127399651
112907362	0.1255999127399651
112907389	0.1255999127399651
112907397	0.1255999127399651
112907399	0.1255999127399651
112907422	0.1255999127399651
112907431	0.1255999127399651
112907441	0.1255999127399651
112907486	0.1255999127399651
112907528	0.1255999127399651
112907591	0.1255999127399651
112907633	0.1255999127399651
112907642	0.1237456369982548
112907654	0.1236910994764397
112907656	0.1236910994764397
112907711	0.1236910994764397
112907729	0.1236910994764397
112907770	0.1236910994764397
112907780	0.1236910994764397
112907782	0.1236910994764397
112907788	0.1236910994764397
112907828	0.1236910994764397
112907849	0.1236910994764397
112907857	0.1218913612565445
112907868	0.1218913612565445
112907913	0.1218913612565445
112907925	0.1218913612565445
112907933	0.1218913612565445
112908017	0.1218913612565445
112908057	0.1218913612565445
112908079	0.1218913612565445
112908081	0.1218913612565445
112908092	0.1218913612565445
112908097	0.1202552356020942
112908145	0.1202552356020942
112908164	0.1202552356020942
112908166	0.1202552356020942
112908168	0.1202552356020942
112908169	0.1202552356020942
112908179	0.1202552356020942
112908186	0.1202552356020942
112908268	0.1202552356020942
112908276	0.1202552356020942
112908277	0.1202552356020942
112908286	0.1165466841186736
112908295	0.1165466841186736
112908310	0.1165466841186736
112908311	0.1165466841186736
112908383	0.1165466841186736
112908480	0.1165466841186736
112908490	0.1165466841186736
112908495	0.1165466841186736
112908502	0.1165466841186736
112908517	0.1165466841186736
112908573	0.1165466841186736
112908607	0.1165466841186736
112908634	0.1165466841186736
112908661	0.1165466841186736
112908793	0.1056391797556719
112908808	0.1056391797556719
112908830	0.1056391797556719
112908836	0.1056391797556719
112908872	0.1056391797556719
112908922	0.1056391797556719
112908944	0.1056391797556719
112908965	0.1056391797556719
112909105	0.1056391797556719
112909122	0.1056391797556719
112909169	0.1056391797556719
112909234	0.1056391797556719
112909241	0.1056391797556719
112909260	0.1012216404886562
112909263	0.1012216404886562
112909285	0.1012216404886562
112909322	0.1012216404886562
112909352	0.1012216404886562
112909356	0.1012216404886562
112909431	0.1012216404886562
112909438	0.1012216404886562
112909449	0.1012216404886562
112909486	0.1012216404886562
112909540	0.1012216404886562
112909626	0.1012216404886562
112909655	0.1012216404886562
112909706	0.1012216404886562
112909708	0.1012216404886562
112909750	0.1012216404886562
112909757	0.1012216404886562
112909790	0.1012216404886562
112909843	0.1012216404886562
112909860	0.0869873472949389
112909864	0.0840423211169284
112909866	0.0839877835951134
112909902	0.0839877835951134
112909951	0.0839877835951134
112909952	0.0839877835951134
112909953	0.0839877835951134
112909955	0.0839877835951134
112910081	0.0839877835951134
112910141	0.0839877835951134
112910186	0.0835514834205933
112910215	0.0835514834205933
112910234	0.0835514834205933
112910282	0.0835514834205933
112910296	0.0835514834205933
112910362	0.0835514834205933
112910427	0.0835514834205933
112910448	0.0835514834205933
112910473	0.0835514834205933
112910498	0.0835514834205933
112910531	0.0835514834205933
112910564	0.0835514834205933
112910576	0.0835514834205933
112910615	0.0835514834205933
112910652	0.0835514834205933
112910675	0.0835514834205933
112910749	0.0835514834205933
112910765	0.0835514834205933
112910769	0.0835514834205933
112910812	0.0835514834205933
112910852	0.0835514834205933
112910887	0.0835514834205933
112910893	0.0835514834205933
112910954	0.0835514834205933
112911080	0.0835514834205933
112911085	0.0835514834205933
112911095	0.0835514834205933
112911115	0.0835514834205933
112911125	0.0835514834205933
112911143	0.0835514834205933
112911197	0.0835514834205933
112911198	0.0835514834205933
112911212	0.0835514834205933
112911238	0.0808246073298429
112911242	0.0808246073298429
112911269	0.0808246073298429
112911299	0.0808246073298429
112911346	0.0808246073298429
112911407	0.0808246073298429
112911413	0.0728621291448516
112911426	0.0728621291448516
112911435	0.0728621291448516
112911476	0.0728621291448516
112911479	0.0728621291448516
112911497	0.0728621291448516
112911512	0.0728621291448516
112911524	0.0728621291448516
112911552	0.0728621291448516
112911568	0.0728621291448516
112911571	0.0728621291448516
112911572	0.0728621291448516
112911603	0.0728621291448516
112911696	0.0728621291448516
112911772	0.0728621291448516
112911774	0.0723712914485165
112911864	0.0723712914485165
112911889	0.0713350785340314
112911897	0.0713350785340314
112911928	0.0713350785340314
112911977	0.0713350785340314
112911997	0.0713350785340314
112912064	0.0713350785340314
112912069	0.0713350785340314
112912077	0.0713350785340314
112912150	0.0713350785340314
112912188	0.0713350785340314
112912192	0.0713350785340314
112912229	0.0713350785340314
112912271	0.0713350785340314
112912293	0.0713350785340314
112912352	0.0713350785340314
112912372	0.0713350785340314
112912425	0.0713350785340314
112912458	0.0713350785340314
112912485	0.0713350785340314
112912517	0.0713350785340314
112912567	0.0713350785340314
112912571	0.0713350785340314
112912573	0.0713350785340314
112912674	0.0713350785340314
112912675	0.0713350785340314
112912711	0.0713350785340314
112912723	0.0713350785340314
112912730	0.0713350785340314
112912740	0.0713350785340314
112912792	0.0713350785340314
112912908	0.0713350785340314
112912909	0.0713350785340314
112912913	0.0713350785340314
112912934	0.0713350785340314
112912995	0.0713350785340314
112913075	0.0708987783595113
112913076	0.0708987783595113
112913188	0.0708987783595113
112913191	0.0694808027923211
112913204	0.0681719022687609
112913208	0.0681719022687609
112913210	0.0681719022687609
112913240	0.0681719022687609
112913250	0.0681719022687609
112913262	0.0651723385689354
112913264	0.0642452006980802
112913266	0.0642452006980802
112913267	0.0642452006980802
112913272	0.0642452006980802
112913275	0.0642452006980802
112913276	0.0642452006980802
112913276	0.0637543630017452
112913278	0.0637543630017452
112913292	0.0625
112913303	0.0625
112913307	0.0625
112913318	0.0605911867364746
112913333	0.0605911867364746
112913382	0.0605911867364746
112913386	0.0602639616055846
112913386	0.0590641361256544
112913388	0.0590641361256544
112913393	0.0590641361256544
112913394	0.0590641361256544
112913422	0.0590641361256544
112913430	0.0587914485165794
112913431	0.0585732984293193
112913432	0.0585732984293193
112913435	0.0554646596858638
112913440	0.0554646596858638
112913442	0.0554646596858638
112913445	0.0536103839441535
112913446	0.0536103839441535
112913447	0.0536103839441535
112913451	0.0536103839441535
112913469	0.0536103839441535
112913472	0.0536103839441535
112913480	0.0536103839441535
112913489	0.0536103839441535
112913521	0.0476657940663176
112913522	0.0476657940663176
112913553	0.0476657940663176
112913575	0.0476657940663176
112913584	0.0476657940663176
112913644	0.0476657940663176
112913663	0.0476657940663176
112913709	0.0460296684118673
112913752	0.0460296684118673
112913763	0.0460296684118673
112913800	0.0460296684118673
112913845	0.0460296684118673
112913882	0.0460296684118673
112913896	0.0460296684118673
112913972	0.0460296684118673
112913994	0.0460296684118673
112914011	0.0460296684118673
112914049	0.0460296684118673
112914141	0.0460296684118673
112914153	0.0460296684118673
112914159	0.0460296684118673
112914177	0.0460296684118673
112914185	0.0460296684118673
112914195	0.0460296684118673
112914207	0.0460296684118673
112914281	0.0460296684118673
112914368	0.0460296684118673
112914429	0.0460296684118673
112914545	0.0460296684118673
112914561	0.0460296684118673
112914576	0.0460296684118673
112914588	0.0460296684118673
112914593	0.0460296684118673
112914624	0.0452116055846422
112914657	0.0452116055846422
112914677	0.0452116055846422
112914685	0.0452116055846422
112914699	0.0452116055846422
112914709	0.0452116055846422
112914717	0.0452116055846422
112914748	0.0452116055846422
112914922	0.0452116055846422
112914956	0.0452116055846422
112914970	0.0452116055846422
112914994	0.0407940663176265
112915178	0.0407940663176265
112915268	0.0407940663176265
112915332	0.0407940663176265
112915410	0.0407940663176265
112915587	0.0407940663176265
112915626	0.0326679755671902
112915676	0.0324498254799301
112915678	0.0324498254799301
112915720	0.0324498254799301
112915747	0.0324498254799301
112915777	0.0324498254799301
112915784	0.0324498254799301
112915791	0.0324498254799301
112915829	0.0324498254799301
112915864	0.0324498254799301
112915936	0.0290139616055846
112916079	0.0290139616055846
112916135	0.0290139616055846
112916150	0.0290139616055846
112916175	0.0290139616055846
112916226	0.0290139616055846
112916235	0.0290139616055846
112916255	0.0290139616055846
112916264	0.0235602094240837
112916323	0.0235602094240837
112916327	0.0235602094240837
112916386	0.0234511343804537
112916421	0.0187063699825479
112916422	0.0187063699825479
112916439	0.0187063699825479
112916440	0.0187063699825479
112916451	0.0187063699825479
112916471	0.0187063699825479
112916481	0.0187063699825479
112916493	0.0187063699825479
112916569	0.0175065445026178
112916574	0.0175065445026178
112916601	0.0175065445026178
112916604	0.0175065445026178
112916654	0.0148342059336823
112916676	0.0148342059336823
112916715	0.0148342059336823
112916719	0.0148342059336823
112916783	0.0146160558464223
112916792	0.0145069808027923
112916828	0.0145069808027923
112916860	0.0145069808027923
112916867	0.0145069808027923
112916904	0.0145069808027923
112916949	0.0145069808027923
112916955	0.0145069808027923
112916984	0.0145069808027923
112917148	0.0145069808027923
112917157	0.0145069808027923
112917158	0.0142888307155322
112917227	0.0138525305410122
112917379	0.0135253054101221
112917413	0.0135253054101221
112917444	0.0135253054101221
112917495	0.0135253054101221
112917614	0.0135253054101221
112917626	0.0135253054101221
112917647	0.0135253054101221
112917671	0.0135253054101221
112917761	0.0135253054101221
112917782	0.0135253054101221
112917832	0.0135253054101221
112917834	0.0135253054101221
112917859	0.0135253054101221
112917898	0.0135253054101221
112917937	0.0135253054101221
112917963	0.0135253054101221
112918061	0.0135253054101221
112918091	0.0135253054101221
112918093	0.0135253054101221
112918095	0.0133071553228621
112918123	0.0133071553228621
112918178	0.0133071553228621
112918200	0.0133071553228621
112918258	0.0133071553228621
112918259	0.0133071553228621
112918463	0.0133071553228621
112918475	0.0133071553228621
112918526	0.0133071553228621
112918619	0.0132526178010471
112918680	0.0132526178010471
112918681	0.0132526178010471
112918739	0.0132526178010471
112918746	0.0132526178010471
112918806	0.0132526178010471
112918853	0.0132526178010471
112918857	0.0132526178010471
112918899	0.0132526178010471
112919052	0.0132526178010471
112919083	0.0132526178010471
112919084	0.0132526178010471
112919098	0.0132526178010471
112919171	0.0131980802792321
112919237	0.0131980802792321
112919239	0.0131980802792321
112919275	0.0131980802792321
112919322	0.0131980802792321
112919331	0.0131980802792321
112919337	0.0131980802792321
112919348	0.0131980802792321
112919372	0.0131980802792321
112919401	0.0131980802792321
112919442	0.0131980802792321
112919524	0.0131980802792321
112919553	0.0131980802792321
112919566	0.0131980802792321
112919578	0.0131980802792321
112919652	0.0131980802792321
112919654	0.0131980802792321
112919681	0.0131980802792321
112919705	0.0131980802792321
112919729	0.0131980802792321
112919773	0.0122709424083769
112919774	0.0122709424083769
112919813	0.0122709424083769
112919830	0.0122709424083769
112919831	0.0122709424083769
112919991	0.0122709424083769
112919992	0.0122709424083769
112920001	0.0122709424083769
112920032	0.0122709424083769
112920205	0.0122709424083769
112920294	0.0122709424083769
112920334	0.0122709424083769
112920377	0.0122709424083769
112920380	0.0122709424083769
112920395	0.0122709424083769
112920473	0.0122709424083769
112920530	0.0122709424083769
112920583	0.0122709424083769
112920607	0.0122709424083769
112920614	0.0122709424083769
112920630	0.0122709424083769
112920656	0.0122709424083769
112920768	0.0122709424083769
112920770	0.0122709424083769
112920816	0.0122709424083769
112920906	0.0122709424083769
112920923	0.0122709424083769
112921031	0.0122709424083769
112921126	0.0122709424083769
112921132	0.0122709424083769
112921149	0.0122709424083769
112921310	0.0122709424083769
112921330	0.0122709424083769
112921372	0.0122709424083769
112921389	0.0122709424083769
112921393	0.0121618673647469
112921465	0.0121618673647469
112921517	0.0121618673647469
112921586	0.0121618673647469
112921616	0.0121618673647469
112921747	0.0121618673647469
112921763	0.0121618673647469
112921919	0.0121618673647469
112921920	0.0121618673647469
112921942	0.0121618673647469
112921958	0.0121618673647469
112921980	0.0121618673647469
112922083	0.0121618673647469
112922110	0.0121618673647469
112922167	0.0121618673647469
112922204	0.0121618673647469
112922205	0.0121618673647469
112922206	0.0121618673647469
112922271	0.0121618673647469
112922279	0.0121618673647469
112922289	0.0121618673647469
112922389	0.0121618673647469
112922454	0.0121618673647469
112922493	0.0121618673647469
112922561	0.0121618673647469
112922671	0.0121618673647469
112922738	0.0121618673647469
112922777	0.0121618673647469
112922794	0.0121618673647469
112922813	0.0121618673647469
112922832	0.0121618673647469
112922839	0.0121618673647469
112922863	0.0121618673647469
112922896	0.0121618673647469
112922937	0.0121618673647469
112922970	0.0121618673647469
112923053	0.0121618673647469
112923061	0.0121618673647469
112923158	0.0121618673647469
112923159	0.0121618673647469
112923179	0.0121618673647469
112923238	0.0121618673647469
112923258	0.0121618673647469
112923286	0.0118346422338568
112923403	0.0118346422338568
112923447	0.0118346422338568
112923464	0.0118346422338568
112923471	0.0118346422338568
112923473	0.0118346422338568
112923476	0.0118346422338568
112923488	0.0118346422338568
112923557	0.0118346422338568
112923558	0.0118346422338568
112923602	0.0118346422338568
112923663	0.0118346422338568
112923703	0.0118346422338568
112923792	0.0118346422338568
112923833	0.0118346422338568
112923841	0.0118346422338568
112923845	0.0118346422338568
112923879	0.0118346422338568
112923969	0.0116710296684118
112923972	0.0116710296684118
112923976	0.0116710296684118
112923985	0.0116710296684118
112924037	0.0116710296684118
112924136	0.0116710296684118
112924145	0.0116710296684118
112924146	0.0116710296684118
112924168	0.0116710296684118
112924176	0.0116710296684118
112924177	0.0116710296684118
112924188	0.0116710296684118
112924218	0.0116710296684118
112924265	0.0116710296684118
112924280	0.0116710296684118
112924281	0.0116710296684118
112924286	0.0116710296684118
112924332	0.0108529668411867
112924341	0.0108529668411867
112924362	0.0108529668411867
112924439	0.0108529668411867
112924471	0.0108529668411867
112924573	0.0108529668411867
112924606	0.0108529668411867
112924674	0.0108529668411867
112924677	0.0108529668411867
112924698	0.0108529668411867
112924711	0.0108529668411867
112924752	0.0108529668411867
112924896	0.0100894415357766
112924913	0.0100894415357766
112924957	0.0100894415357766
112924992	0.0100894415357766
112925002	0.0100894415357766
112925024	0.0100894415357766
112925064	0.0100894415357766
112925065	0.0100894415357766
112925093	0.0100894415357766
112925109	0.0100894415357766
112925112	0.0100894415357766
112925155	0.0100894415357766
112925157	0.0100349040139616
112925204	0.0100349040139616
112925258	0.0100349040139616
112925272	0.0100349040139616
112925301	0.0100349040139616
112925311	0.0100349040139616
112925314	0.0100349040139616
112925331	0.0100349040139616
112925450	0.0100349040139616
112925461	0.0100349040139616
112925503	0.0100349040139616
112925504	0.0095986038394415
112925526	0.0095986038394415
112925548	0.0095986038394415
112925600	0.0095986038394415
112925614	0.0095986038394415
112925618	0.0095986038394415
112925681	0.0095986038394415
112925696	0.0095986038394415
112925717	0.0095986038394415
112925740	0.0095986038394415
112925783	0.0095986038394415
112925794	0.0095986038394415
112925825	0.0095986038394415
112925918	0.0095986038394415
112925985	0.0095986038394415
112926018	0.0094349912739965
112926022	0.0094349912739965
112926050	0.0094349912739965
112926083	0.0094349912739965
112926100	0.0094349912739965
112926102	0.0094349912739965
112926116	0.0094349912739965
112926181	0.0088350785340314
112926228	0.0088350785340314
112926242	0.0088350785340314
112926250	0.0088350785340314
112926260	0.0088350785340314
112926283	0.0088350785340314
112926284	0.0088350785340314
112926286	0.0088350785340314
112926287	0.0088350785340314
112926287	0.0088350785340314
112926288	0.0088350785340314
112926291	0.0088350785340314
112926293	0.0088350785340314
112926295	0.0088350785340314
112926297	0.0088350785340314
112926327	0.0088350785340314
112926390	0.0088350785340314
112926391	0.0088350785340314
112926411	0.0088350785340314
112926422	0.0086714659685863
112926635	0.0086714659685863
112926649	0.0086714659685863
112926709	0.0086714659685863
112926712	0.0086714659685863
112926733	0.0086714659685863
112926737	0.0086714659685863
112926742	0.0086714659685863
112926764	0.0086714659685863
112926765	0.0086714659685863
112926883	0.0086714659685863
112926943	0.0086714659685863
112926944	0.0086714659685863
112927009	0.0086714659685863
112927046	0.0086714659685863
112927067	0.0086714659685863
112927110	0.0086714659685863
112927147	0.0086714659685863
112927152	0.0086714659685863
112927188	0.0086714659685863
112927201	0.0086714659685863
112927234	0.0086714659685863
112927350	0.0079624781849912
112927426	0.0079624781849912
112927553	0.0079624781849912
112927567	0.0079624781849912
112927581	0.0079624781849912
112927599	0.0079624781849912
112927604	0.0079624781849912
112927626	0.0079624781849912
112927703	0.0079624781849912
112927777	0.0079624781849912
112927832	0.0079624781849912
112927875	0.0079624781849912
112927894	0.0079624781849912
112927907	0.0079624781849912
112927911	0.0079624781849912
112927961	0.0079624781849912
112928045	0.0079624781849912
112928076	0.0079624781849912
112928125	0.0079624781849912
112928357	0.0079624781849912
112928358	0.0079624781849912
112928367	0.0079624781849912
112928370	0.0079624781849912
112928397	0.0079624781849912
112928442	0.0079624781849912
112928458	0.0079624781849912
112928562	0.0079624781849912
112928601	0.0077988656195462
112928625	0.0077988656195462
112928653	0.0077988656195462
112928672	0.0077443280977312
112928848	0.0077443280977312
112928974	0.0077443280977312
112928983	0.0077443280977312
112928995	0.0077443280977312
112929107	0.0077443280977312
112929123	0.0077443280977312
112929181	0.0077443280977312
112929408	0.0077443280977312
112929504	0.0077443280977312
112929546	0.0077443280977312
112929556	0.0077443280977312
112929607	0.0077443280977312
112929620	0.0077443280977312
112929626	0.0077443280977312
112929682	0.0077443280977312
112929699	0.0077443280977312
112929766	0.0077443280977312
112929937	0.0077443280977312
112929962	0.0077443280977312
112930011	0.0077443280977312
112930013	0.0077443280977312
112930105	0.0077443280977312
112930149	0.0077443280977312
112930215	0.0077443280977312
112930288	0.0077443280977312
112930297	0.006544502617801
112930308	0.006544502617801
112930441	0.006544502617801
112930499	0.006544502617801
112930569	0.006544502617801
112930579	0.006544502617801
112930620	0.006544502617801
112930649	0.006544502617801
112930691	0.006544502617801
112930704	0.006544502617801
112930787	0.006544502617801
112930833	0.006544502617801
112930834	0.006544502617801
112930862	0.006544502617801
112930916	0.006544502617801
112930923	0.006544502617801
112930989	0.006544502617801
112931103	0.0059991273996509
112931174	0.0059991273996509
112931211	0.0059991273996509
112931218	0.0059991273996509
112931334	0.0059991273996509
112931351	0.0059991273996509
112931458	0.0059991273996509
112931475	0.0059991273996509
112931503	0.0059991273996509
112931547	0.0059991273996509
112931592	0.0059991273996509
112931605	0.0059991273996509
112931608	0.0059991273996509
112931612	0.0059991273996509
112931615	0.0059991273996509
112931638	0.0059991273996509
112931651	0.0059991273996509
112931652	0.0059991273996509
112931658	0.0059991273996509
112931728	0.0059991273996509
112931736	0.0059991273996509
112931755	0.0059991273996509
112931833	0.0059991273996509
112932019	0.0059991273996509
112932061	0.0059991273996509
112932086	0.0059991273996509
112932105	0.0059991273996509
112932124	0.0059991273996509
112932134	0.0059991273996509
112932196	0.0059991273996509
112932241	0.0059991273996509
112932258	0.0059991273996509
112932277	0.0059991273996509
112932279	0.0059991273996509
112932280	0.0059991273996509
112932295	0.0059991273996509
112932297	0.0059991273996509
112932413	0.0059991273996509
112932425	0.0059991273996509
112932493	0.0059991273996509
112932497	0.0059991273996509
112932579	0.0059991273996509
112932706	0.0059991273996509
112932707	0.0059991273996509
112932777	0.0059991273996509
112932809	0.0059991273996509
112932841	0.0059991273996509
112932849	0.0059991273996509
112932918	0.0059991273996509
112932925	0.0059991273996509
112933034	0.0059991273996509
112933041	0.0059991273996509
112933045	0.0059991273996509
112933059	0.0059991273996509
112933082	0.0059991273996509
112933110	0.0059991273996509
112933183	0.0059991273996509
112933282	0.0059991273996509
112933304	0.0059991273996509
112933305	0.0059991273996509
112933329	0.0059991273996509
112933355	0.0059991273996509
112933356	0.0059991273996509
112933417	0.0059991273996509
112933432	0.0059991273996509
112933471	0.0059445898778359
112933530	0.0059445898778359
112933533	0.0059445898778359
112933570	0.0059445898778359
112933599	0.0059445898778359
112933679	0.0059445898778359
112933708	0.0059445898778359
112933709	0.0059445898778359
112933709	0.0058355148342059
112933715	0.0058355148342059
112933740	0.0058355148342059
112933895	0.0058355148342059
112933921	0.0058355148342059
112933951	0.0058355148342059
112933955	0.0058355148342059
112934039	0.0058355148342059
112934094	0.0058355148342059
112934167	0.0058355148342059
112934168	0.0058355148342059
112934175	0.0058355148342059
112934184	0.0058355148342059
112934192	0.0058355148342059
112934217	0.0058355148342059
112934313	0.0058355148342059
112934341	0.0058355148342059
112934350	0.0058355148342059
112934355	0.0058355148342059
112934423	0.0058355148342059
112934501	0.0058355148342059
112934535	0.0058355148342059
112934574	0.0058355148342059
112934666	0.0058355148342059
112934728	0.0058355148342059
112934751	0.0058355148342059
112934787	0.0058355148342059
112934843	0.0058355148342059
112934897	0.0058355148342059
112934915	0.0058355148342059
112934924	0.0058355148342059
112934964	0.0058355148342059
112934980	0.0058355148342059
112934996	0.0058355148342059
112935029	0.0058355148342059
112935048	0.0058355148342059
112935055	0.0058355148342059
112935183	0.0058355148342059
112935221	0.0058355148342059
112935226	0.0058355148342059
112935227	0.0058355148342059
112935325	0.0058355148342059
112935381	0.0058355148342059
112935422	0.0058355148342059
112935451	0.0058355148342059
112935455	0.0058355148342059
112935457	0.0058355148342059
112935492	0.0058355148342059
112935493	0.0058355148342059
112935601	0.0058355148342059
112935650	0.0058355148342059
112935700	0.0058355148342059
112935744	0.0058355148342059
112935834	0.0058355148342059
112935879	0.0058355148342059
112935905	0.0058355148342059
112935909	0.0047993019197207
112935911	0.0047993019197207
112936026	0.0047993019197207
112936047	0.0047993019197207
112936068	0.0047993019197207
112936076	0.0047993019197207
112936173	0.0047993019197207
112936215	0.0047993019197207
112936262	0.0047993019197207
112936293	0.0047993019197207
112936302	0.0047993019197207
112936385	0.0047993019197207
112936397	0.0047993019197207
112936459	0.0047993019197207
112936475	0.0047993019197207
112936482	0.0047993019197207
112936648	0.0047993019197207
112936681	0.0047993019197207
112936710	0.0047993019197207
112936714	0.0047993019197207
112936718	0.0047993019197207
112936719	0.0047993019197207
112936742	0.0047993019197207
112936811	0.0047993019197207
112936959	0.0047993019197207
112937034	0.0047993019197207
112937046	0.0047993019197207
112937054	0.0046902268760907
112937057	0.0046902268760907
112937058	0.0046902268760907
112937059	0.0046902268760907
112937061	0.0046902268760907
112937148	0.0043084642233856
112937295	0.0043084642233856
112937300	0.0043084642233856
112937311	0.0043084642233856
112937318	0.0043084642233856
112937320	0.0043084642233856
112937344	0.0043084642233856
112937352	0.0043084642233856
112937355	0.0043084642233856
112937407	0.0043084642233856
112937427	0.0043084642233856
112937428	0.0043084642233856
112937483	0.0043084642233856
112937487	0.0043084642233856
112937488	0.0043084642233856
112937508	0.0043084642233856
112937511	0.0043084642233856
112937577	0.0043084642233856
112937722	0.0043084642233856
112937883	0.0043084642233856
112937978	0.0043084642233856
112937996	0.0043084642233856
112938067	0.0043084642233856
112938155	0.0043084642233856
112938160	0.0043084642233856
112938161	0.0043084642233856
112938242	0.0043084642233856
112938280	0.0043084642233856
112938307	0.0043084642233856
112938308	0.0043084642233856
112938321	0.0043084642233856
112938325	0.0043084642233856
112938363	0.0043084642233856
112938364	0.0043084642233856
112938410	0.0043084642233856
112938454	0.0043084642233856
112938467	0.0043084642233856
112938480	0.0043084642233856
112938522	0.0043084642233856
112938529	0.0043084642233856
112938568	0.0043084642233856
112938569	0.0043084642233856
112938692	0.0043084642233856
112938751	0.0043084642233856
112938758	0.0043084642233856
112938821	0.0043084642233856
112938832	0.0043084642233856
112938856	0.0043084642233856
112938861	0.0043084642233856
112938870	0.0043084642233856
112938930	0.0043084642233856
112939033	0.0043084642233856
112939050	0.0043084642233856
112939096	0.0043084642233856
112939117	0.0043084642233856
112939174	0.0043084642233856
112939204	0.0043084642233856
112939219	0.0043084642233856
112939318	0.0043084642233856
112939332	0.0043084642233856
112939346	0.0043084642233856
112939405	0.0043084642233856
112939422	0.0043084642233856
112939472	0.0043084642233856
112939484	0.0043084642233856
112939503	0.0043084642233856
112939558	0.0043084642233856
112939559	0.0043084642233856
112939561	0.0043084642233856
112939627	0.0043084642233856
112939671	0.0043084642233856
112939681	0.0043084642233856
112939888	0.0043084642233856
112940027	0.0043084642233856
112940031	0.0043084642233856
112940124	0.0043084642233856
112940155	0.0043084642233856
112940211	0.0039812390924956
112940229	0.0039812390924956
112940244	0.0039812390924956
112940261	0.0039812390924956
112940293	0.0037085514834205
112940321	0.0037085514834205
112940325	0.0037085514834205
112940338	0.0037085514834205
112940344	0.0037085514834205
112940349	0.0037085514834205
112940351	0.0037085514834205
112940389	0.0037085514834205
112940435	0.0037085514834205
112940461	0.0037085514834205
112940517	0.0037085514834205
112940526	0.0037085514834205
112940589	0.0037085514834205
112940791	0.0037085514834205
112940792	0.0037085514834205
112940802	0.0037085514834205
112940819	0.0037085514834205
112940834	0.0037085514834205
112940852	0.0037085514834205
112940887	0.0037085514834205
112940897	0.0037085514834205
112940969	0.0037085514834205
112940973	0.0037085514834205
112941094	0.0037085514834205
112941118	0.0037085514834205
112941179	0.0037085514834205
112941240	0.0037085514834205
112941241	0.0037085514834205
112941280	0.0037085514834205
112941370	0.0037085514834205
112941381	0.0037085514834205
112941383	0.0037085514834205
112941445	0.0037085514834205
112941491	0.0037085514834205
112941538	0.0037085514834205
112941586	0.0037085514834205
112941651	0.0037085514834205
112941685	0.0037085514834205
112941809	0.0037085514834205
112941965	0.0037085514834205
112942077	0.0037085514834205
112942087	0.0037085514834205
112942146	0.0037085514834205
112942209	0.0037085514834205
112942210	0.0037085514834205
112942299	0.0037085514834205
112942334	0.0037085514834205
112942395	0.0037085514834205
112942472	0.0037085514834205
112942530	0.0037085514834205
112942617	0.0037085514834205
112942678	0.0037085514834205
112942839	0.0037085514834205
112942849	0.0037085514834205
112942854	0.0037085514834205
112942866	0.0037085514834205
112942876	0.0037085514834205
112942877	0.0037085514834205
112942963	0.0037085514834205
112942972	0.0037085514834205
112943095	0.0037085514834205
112943113	0.0037085514834205
112943142	0.0037085514834205
112943153	0.0037085514834205
112943164	0.0037085514834205
112943203	0.0037085514834205
112943239	0.0037085514834205
112943295	0.0037085514834205
112943319	0.0037085514834205
112943350	0.0037085514834205
112943377	0.0037085514834205
112943403	0.0037085514834205
112943404	0.0037085514834205
112943414	0.0037085514834205
112943466	0.0037085514834205
112943484	0.0037085514834205
112943522	0.0037085514834205
112943535	0.0037085514834205
112943555	0.0037085514834205
112943576	0.0037085514834205
112943604	0.0037085514834205
112943628	0.0037085514834205
112943633	0.0037085514834205
112943639	0.0037085514834205
112943686	0.0037085514834205
112943708	0.0037085514834205
112943841	0.0037085514834205
112943849	0.0037085514834205
112943879	0.0037085514834205
112943885	0.0037085514834205
112943972	0.0037085514834205
112944056	0.0037085514834205
112944081	0.0037085514834205
112944091	0.0037085514834205
112944148	0.0037085514834205
112944151	0.0037085514834205
112944232	0.0037085514834205
112944311	0.0037085514834205
112944369	0.0037085514834205
112944397	0.0037085514834205
112944458	0.0037085514834205
112944513	0.0037085514834205
112944562	0.0037085514834205
112944575	0.0035449389179755
112944586	0.0035449389179755
112944595	0.0035449389179755
112944640	0.0035449389179755
112944660	0.0035449389179755
112944725	0.0035449389179755
112944766	0.0035449389179755
112944777	0.0035449389179755
112944787	0.0035449389179755
112944795	0.0035449389179755
112944800	0.0035449389179755
112944843	0.0035449389179755
112944849	0.0035449389179755
112944858	0.0035449389179755
112944859	0.0035449389179755
112944866	0.0035449389179755
112944903	0.0035449389179755
112944921	0.0035449389179755
112944954	0.0035449389179755
112944961	0.0035449389179755
112944968	0.0035449389179755
112945022	0.0034904013961605
112945062	0.0034904013961605
112945123	0.0034904013961605
112945206	0.0034904013961605
112945299	0.0034904013961605
112945384	0.0034904013961605
112945393	0.0034904013961605
112945405	0.0034904013961605
112945474	0.0034904013961605
112945518	0.0034904013961605
112945534	0.0034904013961605
112945575	0.0034904013961605
112945662	0.0034904013961605
112945738	0.0034904013961605
112945830	0.0034904013961605
112945847	0.0034904013961605
112945848	0.0034904013961605
112945898	0.0034904013961605
112945909	0.0034904013961605
112945941	0.0034904013961605
112945961	0.0034904013961605
112946001	0.0034904013961605
112946056	0.0034904013961605
112946074	0.0034904013961605
112946082	0.0034904013961605
112946230	0.0034904013961605
112946241	0.0034904013961605
112946282	0.0034904013961605
112946316	0.0034904013961605
112946323	0.0034904013961605
112946351	0.0034904013961605
112946371	0.0034904013961605
112946398	0.0034904013961605
112946400	0.0034904013961605
112946437	0.0034904013961605
112946451	0.0034904013961605
112946599	0.0034904013961605
112946609	0.0034904013961605
112946668	0.0034904013961605
112946671	0.0034904013961605
112946699	0.0031631762652705
112946794	0.0031631762652705
112946858	0.0031631762652705
112946873	0.0031631762652705
112946883	0.0031631762652705
112946923	0.0031631762652705
112946929	0.0031631762652705
112947055	0.0031631762652705
112947126	0.0031631762652705
112947169	0.0031631762652705
112947178	0.0031631762652705
112947307	0.0031631762652705
112947362	0.0031631762652705
112947399	0.0031631762652705
112947409	0.0031631762652705
112947430	0.0031631762652705
112947438	0.0031631762652705
112947452	0.0031631762652705
112947512	0.0031631762652705
112947540	0.0031631762652705
112947570	0.0031631762652705
112947580	0.0031631762652705
112947581	0.0031631762652705
112947582	0.0031631762652705
112947684	0.0031631762652705
112947828	0.0031631762652705
112947849	0.0031631762652705
112947861	0.0031631762652705
112947886	0.0031631762652705
112947953	0.0031631762652705
112947962	0.0029450261780104
112948121	0.0029450261780104
112948124	0.0029450261780104
112948127	0.0029450261780104
112948193	0.0029450261780104
112948315	0.0029450261780104
112948325	0.0029450261780104
112948335	0.0029450261780104
112948375	0.0029450261780104
112948390	0.0029450261780104
112948393	0.0029450261780104
112948403	0.0029450261780104
112948495	0.0029450261780104
112948521	0.0029450261780104
112948565	0.0029450261780104
112948571	0.0029450261780104
112948665	0.0029450261780104
112948671	0.0029450261780104
112948689	0.0029450261780104
112948731	0.0029450261780104
112948737	0.0029450261780104
112948751	0.0029450261780104
112948790	0.0029450261780104
112948802	0.0029450261780104
112948811	0.0029450261780104
112948841	0.0029450261780104
112948856	0.0029450261780104
112948862	0.0029450261780104
112948869	0.0029450261780104
112948984	0.0029450261780104
112949000	0.0029450261780104
112949029	0.0029450261780104
112949058	0.0029450261780104
112949143	0.0029450261780104
112949230	0.0029450261780104
112949386	0.0029450261780104
112949509	0.0029450261780104
112949512	0.0029450261780104
112949580	0.0029450261780104
112949596	0.0029450261780104
112949620	0.0029450261780104
112949674	0.0029450261780104
112949686	0.0029450261780104
112949863	0.0029450261780104
112949926	0.0029450261780104
112949947	0.0029450261780104
112950053	0.0029450261780104
112950147	0.0029450261780104
112950166	0.0029450261780104
112950241	0.0029450261780104
112950260	0.0029450261780104
112950276	0.0029450261780104
112950284	0.0029450261780104
112950299	0.0029450261780104
112950302	0.0029450261780104
112950344	0.0029450261780104
112950403	0.0029450261780104
112950408	0.0029450261780104
112950409	0.0029450261780104
112950433	0.0029450261780104
112950446	0.0029450261780104
112950466	0.0028359511343804
112950498	0.0028359511343804
112950518	0.0028359511343804
112950564	0.0028359511343804
112950601	0.0028359511343804
112950634	0.0028359511343804
112950665	0.0028359511343804
112950665	0.0027814136125654
112950691	0.0027814136125654
112950766	0.0027814136125654
112950801	0.0027814136125654
112950840	0.0027814136125654
112950901	0.0027814136125654
112950906	0.0027814136125654
112950958	0.0027814136125654
112951044	0.0027814136125654
112951069	0.0027814136125654
112951110	0.0027814136125654
112951117	0.0027814136125654
112951183	0.0027814136125654
112951230	0.0027814136125654
112951392	0.0027814136125654
112951435	0.0027814136125654
112951455	0.0027814136125654
112951562	0.0027814136125654
112951574	0.0027814136125654
112951589	0.0027814136125654
112951635	0.0027814136125654
112951656	0.0027814136125654
112951709	0.0027814136125654
112951808	0.0027814136125654
112951840	0.0027814136125654
112951893	0.0027814136125654
112951896	0.0027268760907504
112951904	0.0027268760907504
112951913	0.0027268760907504
112951918	0.0027268760907504
112951996	0.0027268760907504
112952009	0.0027268760907504
112952019	0.0027268760907504
112952081	0.0027268760907504
112952124	0.0027268760907504
112952142	0.0027268760907504
112952152	0.0027268760907504
112952182	0.0027268760907504
112952191	0.0027268760907504
112952200	0.0027268760907504
112952224	0.0027268760907504
112952262	0.0027268760907504
112952280	0.0027268760907504
112952283	0.0027268760907504
112952290	0.0027268760907504
112952379	0.0027268760907504
112952395	0.0027268760907504
112952491	0.0027268760907504
112952510	0.0027268760907504
112952548	0.0027268760907504
112952608	0.0027268760907504
112952656	0.0027268760907504
112952745	0.0027268760907504
112952752	0.0027268760907504
112952761	0.0027268760907504
112952785	0.0027268760907504
112952789	0.0027268760907504
112952796	0.0027268760907504
112952830	0.0027268760907504
112952835	0.0027268760907504
112952838	0.0027268760907504
112952850	0.0027268760907504
112952864	0.0027268760907504
112952963	0.0027268760907504
112952976	0.0027268760907504
112952978	0.0027268760907504
112952984	0.0027268760907504
112952997	0.0027268760907504
112953023	0.0027268760907504
112953107	0.0027268760907504
112953251	0.0027268760907504
112953254	0.0027268760907504
112953256	0.0027268760907504
112953259	0.0027268760907504
112953297	0.0027268760907504
112953385	0.0027268760907504
112953566	0.0027268760907504
112953675	0.0027268760907504
112953685	0.0027268760907504
112953708	0.0027268760907504
112953751	0.0027268760907504
112953798	0.0027268760907504
112953903	0.0027268760907504
112953907	0.0027268760907504
112953974	0.0027268760907504
112953993	0.0027268760907504
112953996	0.0027268760907504
112954006	0.0027268760907504
112954086	0.0027268760907504
112954104	0.0027268760907504
112954156	0.0027268760907504
112954181	0.0027268760907504
112954191	0.0027268760907504
112954232	0.0027268760907504
112954250	0.0027268760907504
112954284	0.0027268760907504
112954379	0.0027268760907504
112954411	0.0027268760907504
112954572	0.0027268760907504
112954587	0.0027268760907504
112954719	0.0027268760907504
112954728	0.0027268760907504
112954729	0.0027268760907504
112954742	0.0027268760907504
112954765	0.0027268760907504
112954792	0.0027268760907504
112954798	0.0027268760907504
112954816	0.0027268760907504
112954876	0.0027268760907504
112954938	0.0027268760907504
112954962	0.0027268760907504
112954963	0.0027268760907504
112954966	0.0027268760907504
112955000	0.0027268760907504
112955101	0.0027268760907504
112955102	0.0027268760907504
112955111	0.0027268760907504
112955155	0.0027268760907504
112955158	0.0027268760907504
112955180	0.0027268760907504
112955192	0.0027268760907504
112955194	0.0027268760907504
112955241	0.0027268760907504
112955279	0.0027268760907504
112955299	0.0027268760907504
112955455	0.0027268760907504
112955481	0.0027268760907504
112955490	0.0027268760907504
112955549	0.0027268760907504
112955561	0.0027268760907504
112955561	0.0027268760907504
112955590	0.0027268760907504
112955598	0.0027268760907504
112955641	0.0027268760907504
112955654	0.0027268760907504
112955705	0.0027268760907504
112955707	0.0027268760907504
112955761	0.0027268760907504
112955772	0.0027268760907504
112955807	0.0027268760907504
112955838	0.0027268760907504
112955839	0.0027268760907504
112955884	0.0027268760907504
112955909	0.0027268760907504
112955930	0.0027268760907504
112955947	0.0027268760907504
112955985	0.0027268760907504
112956013	0.0027268760907504
112956059	0.0027268760907504
112956092	0.0027268760907504
112956096	0.0027268760907504
112956171	0.0027268760907504
112956196	0.0027268760907504
112956253	0.0027268760907504
112956277	0.0027268760907504
112956344	0.0026723385689354
112956367	0.0023451134380453
112956405	0.0023451134380453
112956426	0.0023451134380453
112956598	0.0023451134380453
112956718	0.0023451134380453
112956721	0.0023451134380453
112956768	0.0023451134380453
112956805	0.0023451134380453
112956897	0.0023451134380453
112956997	0.0023451134380453
112957142	0.0023451134380453
112957271	0.0023451134380453
112957316	0.0023451134380453
112957355	0.0023451134380453
112957375	0.0023451134380453
112957393	0.0022905759162303
112957430	0.0022905759162303
112957431	0.0022905759162303
112957521	0.0022905759162303
112957535	0.0022905759162303
112957595	0.0022905759162303
112957604	0.0022905759162303
112957644	0.0022905759162303
112957659	0.0022905759162303
112957712	0.0022905759162303
112957763	0.0022905759162303
112957810	0.0022905759162303
112957847	0.0022905759162303
112957864	0.0022905759162303
112957879	0.0022905759162303
112957886	0.0022905759162303
112957887	0.0022905759162303
112957947	0.0022905759162303
112957968	0.0022905759162303
112958031	0.0022905759162303
112958079	0.0022905759162303
112958094	0.0022905759162303
112958104	0.0022905759162303
112958122	0.0022905759162303
112958202	0.0022905759162303
112958228	0.0022905759162303
112958229	0.0022905759162303
112958242	0.0022905759162303
112958379	0.0022905759162303
112958437	0.0022905759162303
112958508	0.0022905759162303
112958594	0.0022905759162303
112958620	0.0022905759162303
112958674	0.0022905759162303
112958701	0.0022905759162303
112958898	0.0022905759162303
112958899	0.0022905759162303
112958909	0.0022905759162303
112959050	0.0022905759162303
112959060	0.0022905759162303
112959099	0.0022905759162303
112959105	0.0022905759162303
112959133	0.0022905759162303
112959170	0.0021269633507853
112959183	0.0021269633507853
112959186	0.0021269633507853
112959205	0.0021269633507853
112959212	0.0021269633507853
112959270	0.0021269633507853
112959308	0.0021269633507853
112959355	0.0021269633507853
112959467	0.0021269633507853
112959521	0.0021269633507853
112959550	0.0021269633507853
112959553	0.0021269633507853
112959559	0.0021269633507853
112959560	0.0021269633507853
112959565	0.0021269633507853
112959593	0.0020724258289703
112959613	0.0020724258289703
112959622	0.0020724258289703
112959629	0.0020724258289703
112959698	0.0020724258289703
112959699	0.0020724258289703
112959735	0.0020724258289703
112959772	0.0020724258289703
112959856	0.0020724258289703
112959998	0.0020724258289703
112960052	0.0020724258289703
112960074	0.0020724258289703
112960120	0.0020724258289703
112960148	0.0020724258289703
112960150	0.0020724258289703
112960181	0.0020724258289703
112960235	0.0020724258289703
112960272	0.0020724258289703
112960343	0.0020724258289703
112960344	0.0020724258289703
112960345	0.0020724258289703
112960382	0.0020724258289703
112960392	0.0020724258289703
112960465	0.0020724258289703
112960531	0.0020724258289703
112960558	0.0020724258289703
112960650	0.0020724258289703
112960651	0.0020724258289703
112960665	0.0020724258289703
112960688	0.0020724258289703
112960691	0.0020724258289703
112960705	0.0020724258289703
112960717	0.0020724258289703
112960832	0.0020724258289703
112960833	0.0020724258289703
112960845	0.0020724258289703
112960885	0.0020724258289703
112960889	0.0020724258289703
112960935	0.0020724258289703
112960975	0.0020724258289703
112961014	0.0020724258289703
112961025	0.0020724258289703
112961044	0.0020724258289703
112961056	0.0020724258289703
112961075	0.0020724258289703
112961084	0.0020724258289703
112961090	0.0020724258289703
112961102	0.0020724258289703
112961116	0.0020724258289703
112961123	0.0020724258289703
112961163	0.0020724258289703
112961170	0.0020724258289703
112961227	0.0020724258289703
112961230	0.0020724258289703
112961260	0.0020724258289703
112961261	0.0020724258289703
112961262	0.0020724258289703
112961264	0.0020724258289703
112961266	0.0020724258289703
112961266	0.0020724258289703
112961267	0.0020724258289703
112961287	0.0020724258289703
112961301	0.0020724258289703
112961302	0.0020724258289703
112961326	0.0020724258289703
112961346	0.0020724258289703
112961373	0.0020724258289703
112961409	0.0020724258289703
112961447	0.0020724258289703
112961475	0.0020724258289703
112961478	0.0017997382198952
112961513	0.0017997382198952
112961542	0.0017997382198952
112961556	0.0017997382198952
112961571	0.0017997382198952
112961645	0.0013089005235602
112961659	0.0013089005235602
112961662	0.0013089005235602
112961670	0.0013089005235602
112961704	0.0013089005235602
112961741	0.0013089005235602
112961756	0.0013089005235602
112961799	0.0013089005235602
112961809	0.0010907504363001
112961835	0.0010907504363001
112961847	0.0010907504363001
112961876	0.0010907504363001
112961881	0.0010907504363001
112961912	0.0009816753926701
112961914	0.0009816753926701
112962015	0.0009816753926701
112962054	0.0009816753926701
112962090	0.0009816753926701
112962142	0.0009816753926701
112962148	0.0009816753926701
112962204	0.0009816753926701
112962217	0.0009816753926701
112962235	0.0009816753926701
112962280	0.0009816753926701
112962353	0.0009816753926701
112962367	0.0009816753926701
112962373	0.0009816753926701
112962375	0.0009271378708551
112962433	0.0009271378708551
112962475	0.0009271378708551
112962488	0.0009271378708551
112962521	0.0009271378708551
112962539	0.0009271378708551
112962563	0.0009271378708551
112962578	0.0009271378708551
112962655	0.0009271378708551
112962656	0.0009271378708551
112962657	0.0009271378708551
112962694	0.0009271378708551
112962747	0.0009271378708551
112962756	0.0009271378708551
112962791	0.0009271378708551
112962825	0.0009271378708551
112962845	0.0009271378708551
112962853	0.0009271378708551
112962857	0.0009271378708551
112962862	0.0009271378708551
112962894	0.0009271378708551
112962901	0.0009271378708551
112962902	0.0009271378708551
112962947	0.0009271378708551
112962998	0.0009271378708551
112963075	0.0009271378708551
112963176	0.0009271378708551
112963195	0.0009271378708551
112963221	0.0009271378708551
112963238	0.0009271378708551
112963329	0.0009271378708551
112963389	0.0009271378708551
112963624	0.0009271378708551
112963683	0.0009271378708551
112963765	0.0009271378708551
112963791	0.0009271378708551
112963800	0.0009271378708551
112963818	0.0009271378708551
112963891	0.0009271378708551
112963936	0.0009271378708551
112964062	0.0009271378708551
112964086	0.0009271378708551
112964096	0.0009271378708551
112964098	0.0009271378708551
112964119	0.0009271378708551
112964180	0.0009271378708551
112964200	0.0009271378708551
112964227	0.0009271378708551
112964228	0.0009271378708551
112964241	0.0009271378708551
112964396	0.0009271378708551
112964408	0.0009271378708551
112964421	0.0009271378708551
112964484	0.0009271378708551
112964539	0.0009271378708551
112964600	0.0009271378708551
112964633	0.0009271378708551
112964634	0.0009271378708551
112964644	0.0009271378708551
112964672	0.0009271378708551
112964675	0.0009271378708551
112964693	0.0009271378708551
112964710	0.000599912739965
112964714	0.000599912739965
112964739	0.000599912739965
112964742	0.000599912739965
112964745	0.000599912739965
112964760	0.000599912739965
112964810	0.000599912739965
112964812	0.000490837696335
112964817	0.000490837696335
112964819	0.000490837696335
112964929	0.000490837696335
112964941	0.000490837696335
112965005	0.000490837696335
112965019	0.000490837696335
112965185	0.000490837696335
112965212	0.000490837696335
112965218	0.000490837696335
112965277	0.000490837696335
112965285	0.000490837696335
112965320	0.000490837696335
112965329	0.000490837696335
112965348	0.000490837696335
112965350	0.000490837696335
112965365	0.000490837696335
112965418	0.000490837696335
112965458	0.000490837696335
112965489	0.000490837696335
112965490	0.000490837696335
112965505	0.000490837696335
112965511	0.000490837696335
112965606	0.000490837696335
112965607	0.000490837696335
112965615	0.00043630017452
112965627	0.00043630017452
112965639	0.00043630017452
112965643	0.00043630017452
112965645	0.00043630017452
112965647	0.00043630017452
112965649	0.00043630017452
112965740	0.00043630017452
112965744	0.00043630017452
112965826	0.00043630017452
112965831	0.00043630017452
112965850	0.00043630017452
112965896	0.00043630017452
112965898	0.00043630017452
112966060	0.00043630017452
112966078	0.00043630017452
112966099	0.00043630017452
112966115	0.00043630017452
112966150	0.00043630017452
112966167	0.000381762652705
112966184	0.000381762652705
112966190	0.000381762652705
112966194	0.000381762652705
112966203	0.000381762652705
112966208	0.000381762652705
112966210	0.000381762652705
112966244	0.000381762652705
112966328	0.000381762652705
112966383	0.000381762652705
112966401	0.000381762652705
112966418	0.000381762652705
112966429	0.000381762652705
112966437	0.000381762652705
112966443	0.000381762652705
112966446	0.000381762652705
112966458	0.000381762652705
112966549	0.000381762652705
112966660	0.000381762652705
112966700	0.000381762652705
112966737	0.000381762652705
112966770	0.000381762652705
112966819	0.000381762652705
112966821	0.000381762652705
112966830	0.000381762652705
112966837	0.000381762652705
112966873	0.000381762652705
112966984	0.000381762652705
112967007	0.000381762652705
112967034	0.000381762652705
112967049	0.000381762652705
112967084	0.000381762652705
112967098	0.000381762652705
112967099	0.000381762652705
112967145	0.000381762652705
112967190	0.000381762652705
112967287	0.000381762652705
112967308	0.000381762652705
112967368	0.000381762652705
112967387	0.000381762652705
112967432	0.000381762652705
112967441	0.000381762652705
112967460	0.000381762652705
112967475	0.000381762652705
112967516	0.000381762652705
112967540	0.000381762652705
112967545	0.000381762652705
112967587	0.000381762652705
112967629	0.000381762652705
112967635	0.000381762652705
112967652	0.000381762652705
112967736	0.000381762652705
112967760	0.000381762652705
112967790	0.000381762652705
112967815	0.000381762652705
112967915	0.000381762652705
112967973	0.000381762652705
112968031	0.000381762652705
112968064	0.000381762652705
112968072	0.000381762652705
112968074	0.000381762652705
112968128	0.000381762652705
112968179	0.000381762652705
112968210	0.000381762652705
112968224	0.000381762652705
112968246	0.000381762652705
112968328	0.000381762652705
112968348	0.000381762652705
112968381	0.000381762652705
112968412	0.000381762652705
112968497	0.000381762652705
112968602	0.000381762652705
112968608	0.000381762652705
112968617	0.000381762652705
112968701	0.000381762652705
112968814	0.000381762652705
112968908	0.000381762652705
112968955	0.000381762652705
112968994	0.000381762652705
112969064	0.000381762652705
112969120	0.000381762652705
112969129	0.000381762652705
112969137	0.000381762652705
112969158	0.000381762652705
112969241	0.000381762652705
112969275	0.000381762652705
112969382	0.000381762652705
112969384	0.000381762652705
112969385	0.000381762652705
112969422	0.000381762652705
112969465	0.000381762652705
112969471	0.000381762652705
112969570	0.000381762652705
112969629	0.000381762652705
112969632	0.000381762652705
112969674	0.000381762652705
112969682	0.000381762652705
112969690	0.000381762652705
112969721	0.000381762652705
112969723	0.000381762652705
112969744	0.000381762652705
112969804	0.000381762652705
112969883	0.000381762652705
112969884	0.000381762652705
112969935	0.000381762652705
112969937	0.000381762652705
112970078	0.000381762652705
112970166	0.000381762652705
112970185	0.000381762652705
112970188	0.000381762652705
112970203	0.000381762652705
112970295	0.000381762652705
112970344	0.000381762652705
112970348	0.000381762652705
112970444	0.000381762652705
112970461	0.000381762652705
112970516	0.000381762652705
112970517	0.000381762652705
112970634	0.000381762652705
112970635	0.000381762652705
112970654	0.000381762652705
112970680	0.000381762652705
112970715	0.000381762652705
112970725	0.000381762652705
112970737	0.000381762652705
112970749	0.000381762652705
112970760	0.000381762652705
112970763	0.000381762652705
112970816	0.000381762652705
112970826	0.000381762652705
112970882	0.000381762652705
112970900	0.000381762652705
112970915	0.000381762652705
112970916	0.000381762652705
112970951	0.000381762652705
112970960	0.000381762652705
112970962	0.000381762652705
112970996	0.000381762652705
112971038	0.000381762652705
112971072	0.000381762652705
112971118	0.000381762652705
112971121	0.000381762652705
112971222	0.000381762652705
112971244	0.000381762652705
112971245	0.000381762652705
112971257	0.000381762652705
112971418	0.000381762652705
112971450	0.000381762652705
112971497	0.000381762652705
112971499	0.000381762652705
112971565	0.000381762652705
112971601	0.000381762652705
112971673	0.000381762652705
112971684	0.000381762652705
112971691	0.000381762652705
112971698	0.000381762652705
112971700	0.000381762652705
112971700	0.000381762652705
112971714	0.000381762652705
112971724	0.000381762652705
112971750	0.000381762652705
112971849	0.000381762652705
112971929	0.000381762652705
112971952	0.000381762652705
112971980	0.000381762652705
112972045	0.000381762652705
112972046	0.000381762652705
112972053	0.000381762652705
112972086	0.000381762652705
112972165	0.000381762652705
112972212	0.000381762652705
112972301	0.000381762652705
112972350	0.000381762652705
112972380	0.000381762652705
112972437	0.000381762652705
112972498	0.000381762652705
112972516	0.000381762652705
112972548	0.000381762652705
112972555	0.000381762652705
112972573	0.000381762652705
112972593	0.000381762652705
112972686	0.000381762652705
112972713	0.000381762652705
112972730	0.000381762652705
112972751	0.000381762652705
112972763	0.000381762652705
112972776	0.000381762652705
112972828	0.000381762652705
112972846	0.000381762652705
112972873	0.000381762652705
112972880	0.000381762652705
112972946	0.000381762652705
112973060	0.000381762652705
112973078	0.000381762652705
112973123	0.000381762652705
112973147	0.000381762652705
112973148	0.000381762652705
112973197	0.000381762652705
112973220	0.000381762652705
112973222	0.000381762652705
112973266	0.000381762652705
112973298	0.000381762652705
112973389	0.000381762652705
112973390	0.000381762652705
112973398	0.000381762652705
112973470	0.000381762652705
112973474	0.000381762652705
112973519	0.000381762652705
112973537	0.000381762652705
112973578	0.000381762652705
112973658	0.000381762652705
112973697	0.000272687609075
112973704	0.000272687609075
112973743	0.000272687609075
112973783	0.000272687609075
112973800	0.000272687609075
112973836	0.000272687609075
112973842	0.000272687609075
112973878	0.000272687609075
112973885	0.000272687609075
112973939	0.000272687609075
112973980	0.000272687609075
112974020	0.000272687609075
112974074	0.000272687609075
112974079	0.000272687609075
112974145	0.000272687609075
112974167	0.000272687609075
112974218	0.000272687609075
112974256	0.000272687609075
112974337	0.000272687609075
112974358	0.000272687609075
112974376	0.000272687609075
112974390	0.000272687609075
112974405	0.000272687609075
112974434	0.000272687609075
112974441	0.000272687609075
112974489	0.000272687609075
112974648	0.000272687609075
112974692	0.000272687609075
112974734	0.000272687609075
112974739	0.000272687609075
112974984	0.000272687609075
112974994	0.000272687609075
112974999	0.000272687609075
112975076	0.000272687609075
112975203	0.000272687609075
112975208	0.000272687609075
112975219	0.000272687609075
112975274	0.000272687609075
112975298	0.000272687609075
112975306	0.000272687609075
112975351	0.000272687609075
112975447	0.000272687609075
112975457	0.000272687609075
112975476	0.000272687609075
112975516	0.000272687609075
112975538	0.000272687609075
112975541	0.000272687609075
112975570	0.000272687609075
112975584	0.000272687609075
112975682	0.000272687609075
112975683	0.000272687609075
112975762	0.000272687609075
112975777	0.000272687609075
112975778	0.000272687609075
112975785	0.000272687609075
112975792	0.000272687609075
112975794	0.000272687609075
112975963	0.000272687609075
112976021	0.000272687609075
112976068	0.000272687609075
112976132	0.000272687609075
112976172	0.000272687609075
112976173	0.000272687609075
112976212	0.000272687609075
112976315	0.000272687609075
112976325	0.000272687609075
112976330	0.000272687609075
112976335	0.000272687609075
112976393	0.000272687609075
112976397	0.000272687609075
112976416	0.000272687609075
112976453	0.000272687609075
112976478	0.000272687609075
112976481	0.000272687609075
112976517	0.000272687609075
112976562	0.000272687609075
112976627	0.000272687609075
112976681	0.000272687609075
112976711	0.000272687609075
112976773	0.000272687609075
112976819	0.000272687609075
112976828	0.000272687609075
112976839	0.000272687609075
112976855	0.000272687609075
112976864	0.000272687609075
112976876	0.000272687609075
112976890	0.000272687609075
112976897	0.000272687609075
112976911	0.000272687609075
112976914	0.000272687609075
112976921	0.000272687609075
112976923	0.000272687609075
112976991	0.000272687609075
112977003	0.000272687609075
112977037	0.000272687609075
112977159	0.000272687609075
112977174	0.000272687609075
112977179	0.000272687609075
112977196	0.000272687609075
112977211	0.000272687609075
112977236	0.000272687609075
112977255	0.000272687609075
112977290	0.000272687609075
112977291	0.000272687609075
112977294	0.000272687609075
112977359	0.000272687609075
112977361	0.000272687609075
112977429	0.000272687609075
112977458	0.000272687609075
112977459	0.000272687609075
112977471	0.000272687609075
112977473	0.000272687609075
112977480	0.000272687609075
112977513	0.000272687609075
112977565	0.000272687609075
112977566	0.000272687609075
112977569	0.000272687609075
112977690	0.000272687609075
112977729	0.000272687609075
112977732	0.000272687609075
112977771	0.000272687609075
112977777	0.000272687609075
112977788	0.000272687609075
112977800	0.000272687609075
112977815	0.000272687609075
112977829	0.000272687609075
112977845	0.000272687609075
112977853	0.000272687609075
112977874	0.000272687609075
112977986	0.000272687609075
112977999	0.000272687609075
112978018	0.000272687609075
112978030	0.000272687609075
112978035	0.000272687609075
112978104	0.000272687609075
112978225	0.000272687609075
112978247	0.000272687609075
112978254	0.000272687609075
112978256	0.000272687609075
112978296	0.000272687609075
112978297	0.000272687609075
112978301	0.000272687609075
112978454	0.000272687609075
112978528	0.000272687609075
112978532	0.000272687609075
112978553	0.000272687609075
112978569	0.000272687609075
112978597	0.000272687609075
112978702	0.000272687609075
112978761	0.000272687609075
112978774	0.000272687609075
112978799	0.000272687609075
112978832	0.000272687609075
112979150	0.000272687609075
112979205	0.000272687609075
112979212	0.000272687609075
112979258	0.000272687609075
112979259	0.000272687609075
112979265	0.000272687609075
112979280	0.000272687609075
112979293	0.000272687609075
112979305	0.000272687609075
112979379	0.000272687609075
112979407	0.000272687609075
112979429	0.000272687609075
112979482	0.000272687609075
112979484	0.000272687609075
112979492	0.000272687609075
112979531	0.000272687609075
112979534	0.000272687609075
112979551	0.000272687609075
112979600	0.000272687609075
112979687	0.000272687609075
112979724	0.000272687609075
112979756	0.000272687609075
112979764	0.000272687609075
112979765	0.000272687609075
112979765	0.000272687609075
112979771	0.000272687609075
112979783	0.000272687609075
112979804	0.000272687609075
112979865	0.000272687609075
112979888	0.000272687609075
112979976	0.000272687609075
112980009	0.000272687609075
112980053	0.000272687609075
112980106	0.000272687609075
112980173	0.000272687609075
112980228	0.000272687609075
112980229	0.000272687609075
112980250	0.000272687609075
112980251	0.000272687609075
112980400	0.000272687609075
112980496	0.000272687609075
112980507	0.000272687609075
112980523	0.000272687609075
112980527	0.000272687609075
112980538	0.000272687609075
112980578	0.000272687609075
112980589	0.000272687609075
112980630	0.000272687609075
112980662	0.000272687609075
112980713	0.000272687609075
112980750	0.000272687609075
112980785	0.000272687609075
112980787	0.000272687609075
112980788	0.000272687609075
112980847	0.000272687609075
112980858	0.000272687609075
112980869	0.000272687609075
112980986	0.000272687609075
112981010	0.000272687609075
112981059	0.000272687609075
112981061	0.000272687609075
112981084	0.000272687609075
112981203	0.000272687609075
112981230	0.000272687609075
112981308	0.000272687609075
112981355	0.000272687609075
112981451	0.000272687609075
112981476	0.000272687609075
112981559	0.000272687609075
112981587	0.000272687609075
112981643	0.000272687609075
112981693	0.000272687609075
112981714	0.000272687609075
112981721	0.000272687609075
112981748	0.000272687609075
112981811	0.000272687609075
112981834	0.000272687609075
112981838	0.000272687609075
112981914	0.000272687609075
112981916	0.000272687609075
112981928	0.000272687609075
112981940	0.000272687609075
112981951	0.000272687609075
112982007	0.000272687609075
112982025	0.000272687609075
112982033	0.000272687609075
112982036	0.000272687609075
112982039	0.000272687609075
112982067	0.000272687609075
112982201	0.000272687609075
112982209	0.000272687609075
112982224	0.000272687609075
112982227	0.000272687609075
112982233	0.000272687609075
112982234	0.000272687609075
112982234	0.000272687609075
112982235	0.000272687609075
112982245	0.000272687609075
112982259	0.000272687609075
112982284	0.000272687609075
112982316	0.000272687609075
112982334	0.000272687609075
112982347	0.000272687609075
112982382	0.000272687609075
112982415	0.000272687609075
112982514	0.000272687609075
112982517	0.000272687609075
112982546	0.000272687609075
112982564	0.000272687609075
112982606	0.000272687609075
112982627	0.000272687609075
112982694	0.000272687609075
112982710	0.000272687609075
112982717	0.000272687609075
112982734	0.000272687609075
112982784	0.000272687609075
112982786	0.000272687609075
112982823	0.000272687609075
112982958	0.000272687609075
112982971	0.000272687609075
112983015	0.000272687609075
112983054	0.000272687609075
112983076	0.000272687609075
112983114	0.000272687609075
112983129	0.000272687609075
112983137	0.000272687609075
112983141	0.000272687609075
112983145	0.000272687609075
112983145	0.000272687609075
112983242	0.000272687609075
112983260	0.000272687609075
112983308	0.000272687609075
112983332	0.000272687609075
112983344	0.000272687609075
112983365	0.000272687609075
112983412	0.000272687609075
112983423	0.000272687609075
112983453	0.000272687609075
112983478	0.000272687609075
112983487	0.000272687609075
112983491	0.000272687609075
112983495	0.000272687609075
112983499	0.000272687609075
112983513	0.000272687609075
112983519	0.000272687609075
112983532	0.000272687609075
112983556	0.000272687609075
112983620	0.000272687609075
112983625	0.000272687609075
112983627	0.000272687609075
112983641	0.000272687609075
112983646	0.000272687609075
112983738	0.000272687609075
112983739	0.000272687609075
112983748	0.000272687609075
112983765	0.000272687609075
112983767	0.000272687609075
112983807	0.000272687609075
112983822	0.000272687609075
112983852	0.000272687609075
112983865	0.000272687609075
112983879	0.000272687609075
112983890	0.000272687609075
112983945	0.000272687609075
112983954	0.000272687609075
112983977	0.000272687609075
112983989	0.000272687609075
112983990	0.000272687609075
112983996	0.000272687609075
112984015	0.000272687609075
112984127	0.000272687609075
112984185	0.000272687609075
112984202	0.000272687609075
112984265	0.000272687609075
112984301	0.000272687609075
112984302	0.000272687609075
112984310	0.000272687609075
112984314	0.000272687609075
112984316	0.000272687609075
112984320	0.000272687609075
112984327	0.000272687609075
112984338	0.000272687609075
112984340	0.000272687609075
112984342	0.000272687609075
112984367	0.000272687609075
112984409	0.000272687609075
112984523	0.000272687609075
112984526	0.000272687609075
112984582	0.000272687609075
112984589	0.000272687609075
112984692	0.000272687609075
112984694	0.000272687609075
112984732	0.000272687609075
112984778	0.000272687609075
112984833	0.000272687609075
112984906	0.000272687609075
112984909	0.000272687609075
112984921	0.000272687609075
112984981	0.000272687609075
112984986	0.000272687609075
112984991	0.000272687609075
112984999	0.000272687609075
112985000	0.000272687609075
112985077	0.000272687609075
112985097	0.000272687609075
112985101	0.000272687609075
112985131	0.000272687609075
112985132	0.000272687609075
112985155	0.000272687609075
112985354	0.000272687609075
112985412	0.000272687609075
112985415	0.000272687609075
112985451	0.000272687609075
112985465	0.000272687609075
112985482	0.000272687609075
112985484	0.000272687609075
112985530	0.000272687609075
112985582	0.000272687609075
112985600	0.00021815008726
112985604	0.00021815008726
112985612	0.00021815008726
112985671	0.00021815008726
112985691	0.00021815008726
112985714	0.00021815008726
112985715	0.00021815008726
112985747	0.00021815008726
112985796	0.00021815008726
112985860	0.00021815008726
112985867	0.00021815008726
112985906	0.00021815008726
112986029	0.000163612565445
112986051	0.000163612565445
112986069	0.000163612565445
112986107	0.000163612565445
112986137	0.000163612565445
112986174	0.000163612565445
112986278	0.000163612565445
112986281	0.000163612565445
112986308	0.000163612565445
112986382	0.000163612565445
112986426	0.000163612565445
112986492	0.000163612565445
112986527	0.000163612565445
112986603	0.000163612565445
112986636	0.000163612565445
112986669	0.000163612565445
112986672	0.000163612565445
112986723	0.000163612565445
112986762	0.000163612565445
112986821	0.000163612565445
112986829	0.000163612565445
112986858	0.000163612565445
112986915	0.000163612565445
112986923	0.000163612565445
112986937	0.000163612565445
112986947	0.000163612565445
112986957	0.000163612565445
112986958	0.000163612565445
112986980	0.000163612565445
112987029	0.000163612565445
112987106	0.000163612565445
112987110	0.000163612565445
112987114	0.000163612565445
112987118	0.000163612565445
112987181	0.000163612565445
112987201	0.000163612565445
112987203	0.000163612565445
112987277	0.000163612565445
112987292	0.000163612565445
112987302	0.000163612565445
112987315	0.000163612565445
112987353	0.000163612565445
112987433	0.000163612565445
112987434	0.000163612565445
112987502	0.000163612565445
112987518	0.000163612565445
112987525	0.000163612565445
112987577	0.000163612565445
112987613	0.000163612565445
112987617	0.000163612565445
112987620	0.000163612565445
112987684	0.000163612565445
112987693	0.000163612565445
112987738	0.000163612565445
112987746	0.000163612565445
112987754	0.000163612565445
112987757	0.000163612565445
112987773	0.000163612565445
112987781	0.000163612565445
112987802	0.000163612565445
112987882	0.000163612565445
112987883	0.000163612565445
112987889	0.000163612565445
112987911	0.000163612565445
112987922	0.000163612565445
112987945	0.000163612565445
112987951	0.000163612565445
112988043	0.000163612565445
112988061	0.000163612565445
112988123	0.000163612565445
112988135	0.000163612565445
112988252	0.000163612565445
112988264	0.000163612565445
112988270	0.000163612565445
112988331	0.000163612565445
112988345	0.000163612565445
112988346	0.000163612565445
112988362	0.000163612565445
112988363	0.000163612565445
112988378	0.000163612565445
112988379	0.000163612565445
112988390	0.000163612565445
112988416	0.000163612565445
112988426	0.000163612565445
112988431	0.000163612565445
112988435	0.000163612565445
112988467	0.000163612565445
112988543	0.000163612565445
112988553	0.000163612565445
112988678	0.000163612565445
112988682	0.000163612565445
112988715	0.000163612565445
112988736	0.000163612565445
112988738	0.000163612565445
112988799	0.000163612565445
112988858	0.000163612565445
112988909	0.000163612565445
112988945	0.000163612565445
112988948	0.000163612565445
112988959	0.000163612565445
112988985	0.000163612565445
112989109	0.000163612565445
112989163	0.000163612565445
112989181	0.000163612565445
112989184	0.000163612565445
112989210	0.000163612565445
112989259	0.000163612565445
112989277	0.000163612565445
112989299	0.000163612565445
112989423	0.000163612565445
112989426	0.000163612565445
112989477	0.000163612565445
112989514	0.000163612565445
112989535	0.000163612565445
112989561	0.000163612565445
112989562	0.000163612565445
112989569	0.000163612565445
112989654	0.000163612565445
112989662	0.000163612565445
112989664	0.000163612565445
112989676	0.000163612565445
112989712	0.000163612565445
112989718	0.000163612565445
112989719	0.000163612565445
112989736	0.000163612565445
112989739	0.000163612565445
112989794	0.000163612565445
112989815	0.000163612565445
112989825	0.000163612565445
112989827	0.000163612565445
112989975	0.000163612565445
112990009	0.000163612565445
112990053	0.000163612565445
112990130	0.000163612565445
112990131	0.000163612565445
112990191	0.000163612565445
112990224	0.000163612565445
112990310	0.000163612565445
112990360	0.000163612565445
112990366	0.000163612565445
112990398	0.000163612565445
112990428	0.000163612565445
112990452	0.000163612565445
112990460	0.000163612565445
112990463	0.000163612565445
112990470	0.000163612565445
112990477	0.000163612565445
112990505	0.000163612565445
112990510	0.000163612565445
112990534	0.000163612565445
112990571	0.000163612565445
112990593	0.000163612565445
112990606	0.000163612565445
112990620	0.000163612565445
112990621	0.000163612565445
112990629	0.000163612565445
112990731	0.000163612565445
112990735	0.000163612565445
112990741	0.000163612565445
112990747	0.000163612565445
112990761	0.000163612565445
112990769	0.000163612565445
112990771	0.000163612565445
112990778	0.000163612565445
112990813	0.000163612565445
112990832	0.000163612565445
112990897	0.000163612565445
112990911	0.000163612565445
112990965	0.000163612565445
112991079	0.000163612565445
112991094	0.000163612565445
112991117	0.000163612565445
112991138	0.000163612565445
112991177	0.000163612565445
112991201	0.000163612565445
112991258	0.000163612565445
112991301	0.000163612565445
112991369	0.000163612565445
112991400	0.000163612565445
112991414	0.000163612565445
112991422	0.000163612565445
112991423	0.000163612565445
112991440	0.000163612565445
112991515	0.000163612565445
112991523	0.000163612565445
112991526	0.000163612565445
112991553	0.000163612565445
112991579	0.000163612565445
112991590	5.453752181500873e-05
112991636	5.453752181500873e-05
112991694	5.453752181500873e-05
112991748	5.453752181500873e-05
112991786	5.453752181500873e-05
112991803	5.453752181500873e-05
112991822	5.453752181500873e-05
112991834	5.453752181500873e-05
112991855	5.453752181500873e-05
112992003	5.453752181500873e-05
112992068	5.453752181500873e-05
112992102	5.453752181500873e-05
112992112	5.453752181500873e-05
112992178	5.453752181500873e-05
112992181	5.453752181500873e-05
112992227	5.453752181500873e-05
112992229	5.453752181500873e-05
112992268	5.453752181500873e-05
112992297	5.453752181500873e-05
112992299	5.453752181500873e-05
112992326	5.453752181500873e-05
112992346	5.453752181500873e-05
112992391	5.453752181500873e-05
112992449	5.453752181500873e-05
112992453	5.453752181500873e-05
112992489	5.453752181500873e-05
112992498	5.453752181500873e-05
112992537	5.453752181500873e-05
112992575	5.453752181500873e-05
112992589	5.453752181500873e-05
112992594	5.453752181500873e-05
112992651	5.453752181500873e-05
112992652	5.453752181500873e-05
112992699	5.453752181500873e-05
112992708	5.453752181500873e-05
112992721	5.453752181500873e-05
112992734	5.453752181500873e-05
112992744	5.453752181500873e-05
112992826	5.453752181500873e-05
112992849	5.453752181500873e-05
112992903	5.453752181500873e-05
112992915	5.453752181500873e-05
112992917	5.453752181500873e-05
112992930	5.453752181500873e-05
112992943	5.453752181500873e-05
112992956	5.453752181500873e-05
112993081	5.453752181500873e-05
112993140	5.453752181500873e-05
112993270	5.453752181500873e-05
112993294	5.453752181500873e-05
112993301	5.453752181500873e-05
112993305	5.453752181500873e-05
112993374	5.453752181500873e-05
112993425	5.453752181500873e-05
112993454	5.453752181500873e-05
112993500	5.453752181500873e-05
112993608	5.453752181500873e-05
112993644	5.453752181500873e-05
112993794	5.453752181500873e-05
112993827	5.453752181500873e-05
112993830	5.453752181500873e-05
112993852	5.453752181500873e-05
112993871	5.453752181500873e-05
112993915	5.453752181500873e-05
112993935	5.453752181500873e-05
112994035	5.453752181500873e-05
112994041	5.453752181500873e-05
112994095	5.453752181500873e-05
112994260	5.453752181500873e-05
112994312	5.453752181500873e-05
112994324	5.453752181500873e-05
112994329	5.453752181500873e-05
112994365	5.453752181500873e-05
112994413	5.453752181500873e-05
112994425	5.453752181500873e-05
112994541	5.453752181500873e-05
112994651	5.453752181500873e-05
112994715	5.453752181500873e-05
112994791	5.453752181500873e-05
112994842	5.453752181500873e-05
112994870	5.453752181500873e-05
112994972	5.453752181500873e-05
112994980	5.453752181500873e-05
112995025	5.453752181500873e-05
112995055	5.453752181500873e-05
112995089	5.453752181500873e-05
112995094	5.453752181500873e-05
112995098	5.453752181500873e-05
112995136	5.453752181500873e-05
112995159	5.453752181500873e-05
112995168	5.453752181500873e-05
112995190	5.453752181500873e-05
112995199	5.453752181500873e-05
112995220	5.453752181500873e-05
112995376	5.453752181500873e-05
112995403	5.453752181500873e-05
112995475	5.453752181500873e-05
112995553	5.453752181500873e-05
112995592	5.453752181500873e-05
112995632	5.453752181500873e-05
112995648	5.453752181500873e-05
112995651	5.453752181500873e-05
112995737	5.453752181500873e-05
112995797	5.453752181500873e-05
112995840	5.453752181500873e-05
112995880	5.453752181500873e-05
112995970	5.453752181500873e-05
112995988	5.453752181500873e-05
112996013	5.453752181500873e-05
112996079	5.453752181500873e-05
112996081	5.453752181500873e-05
112996083	5.453752181500873e-05
112996108	5.453752181500873e-05
112996110	5.453752181500873e-05
112996150	5.453752181500873e-05
112996189	5.453752181500873e-05
112996236	5.453752181500873e-05
112996265	5.453752181500873e-05
112996269	5.453752181500873e-05
112996282	5.453752181500873e-05
112996295	5.453752181500873e-05
112996320	5.453752181500873e-05
112996354	5.453752181500873e-05
112996365	5.453752181500873e-05
112996391	5.453752181500873e-05
112996499	5.453752181500873e-05
112996503	5.453752181500873e-05
112996526	5.453752181500873e-05
112996602	5.453752181500873e-05
112996603	5.453752181500873e-05
112996613	5.453752181500873e-05
112996620	5.453752181500873e-05
112996673	5.453752181500873e-05
112996678	5.453752181500873e-05
112996688	5.453752181500873e-05
112996700	5.453752181500873e-05
112996752	5.453752181500873e-05
112996813	5.453752181500873e-05
112996835	5.453752181500873e-05
112996935	5.453752181500873e-05
112996985	5.453752181500873e-05
112996987	5.453752181500873e-05
112996993	5.453752181500873e-05
112997018	5.453752181500873e-05
112997047	5.453752181500873e-05
112997080	5.453752181500873e-05
112997225	5.453752181500873e-05
112997268	5.453752181500873e-05
112997284	5.453752181500873e-05
112997296	5.453752181500873e-05
112997306	5.453752181500873e-05
112997313	5.453752181500873e-05
112997314	5.453752181500873e-05
112997466	5.453752181500873e-05
112997480	5.453752181500873e-05
112997490	5.453752181500873e-05
112997555	5.453752181500873e-05
112997583	5.453752181500873e-05
112997639	5.453752181500873e-05
112997671	5.453752181500873e-05
112997699	5.453752181500873e-05
112997724	5.453752181500873e-05
112997772	5.453752181500873e-05
112997777	5.453752181500873e-05
112997840	5.453752181500873e-05
112997850	5.453752181500873e-05
112997877	5.453752181500873e-05
112997906	5.453752181500873e-05
112997946	5.453752181500873e-05
112997998	5.453752181500873e-05
112998020	5.453752181500873e-05
112998055	5.453752181500873e-05
112998072	5.453752181500873e-05
112998115	5.453752181500873e-05
112998197	5.453752181500873e-05
112998219	5.453752181500873e-05
112998228	5.453752181500873e-05
112998297	5.453752181500873e-05
112998326	5.453752181500873e-05
112998353	5.453752181500873e-05
112998394	5.453752181500873e-05
112998438	5.453752181500873e-05
112998449	5.453752181500873e-05
112998474	5.453752181500873e-05
112998536	5.453752181500873e-05
112998590	5.453752181500873e-05
112998592	5.453752181500873e-05
112998610	5.453752181500873e-05
112998663	5.453752181500873e-05
112998684	5.453752181500873e-05
112998702	5.453752181500873e-05
112998752	5.453752181500873e-05
112998761	5.453752181500873e-05
112998766	5.453752181500873e-05
112998776	5.453752181500873e-05
112998819	5.453752181500873e-05
112998875	5.453752181500873e-05
112998881	5.453752181500873e-05
112998887	5.453752181500873e-05
112998954	5.453752181500873e-05
112999020	5.453752181500873e-05
112999105	5.453752181500873e-05
112999135	5.453752181500873e-05
112999136	5.453752181500873e-05
112999180	5.453752181500873e-05
112999182	5.453752181500873e-05
112999237	5.453752181500873e-05
112999286	5.453752181500873e-05
112999352	5.453752181500873e-05
112999361	5.453752181500873e-05
112999375	5.453752181500873e-05
112999425	5.453752181500873e-05
112999431	5.453752181500873e-05
112999442	5.453752181500873e-05
112999450	5.453752181500873e-05
112999504	5.453752181500873e-05
112999590	5.453752181500873e-05
112999600	5.453752181500873e-05
112999643	5.453752181500873e-05
112999658	5.453752181500873e-05
112999686	5.453752181500873e-05
112999747	5.453752181500873e-05
112999786	5.453752181500873e-05
112999807	5.453752181500873e-05
112999927	5.453752181500873e-05
112999969	5.453752181500873e-05
113000088	5.453752181500873e-05
113000123	5.453752181500873e-05
113000139	5.453752181500873e-05
113000142	5.453752181500873e-05
113000146	5.453752181500873e-05
113000184	5.453752181500873e-05
113000203	5.453752181500873e-05
113000250	5.453752181500873e-05
113000360	5.453752181500873e-05
113000406	5.453752181500873e-05
113000459	5.453752181500873e-05
113000520	5.453752181500873e-05
113000525	5.453752181500873e-05
113000619	5.453752181500873e-05
113000629	5.453752181500873e-05
113000734	5.453752181500873e-05
113000821	5.453752181500873e-05
113000828	5.453752181500873e-05
113000831	5.453752181500873e-05
113000854	5.453752181500873e-05
113000895	5.453752181500873e-05
113000918	5.453752181500873e-05
113000926	5.453752181500873e-05
113000932	5.453752181500873e-05
113000934	5.453752181500873e-05
113001029	5.453752181500873e-05
113001052	5.453752181500873e-05
113001084	5.453752181500873e-05
113001105	5.453752181500873e-05
113001106	5.453752181500873e-05
113001112	5.453752181500873e-05
113001174	5.453752181500873e-05
113001184	5.453752181500873e-05
113001224	5.453752181500873e-05
113001228	5.453752181500873e-05
113001269	5.453752181500873e-05
113001407	5.453752181500873e-05
113001465	5.453752181500873e-05
113001520	5.453752181500873e-05
113001638	5.453752181500873e-05
113001680	5.453752181500873e-05
113001703	5.453752181500873e-05
113001737	5.453752181500873e-05
113001738	5.453752181500873e-05
113001743	5.453752181500873e-05
113001844	5.453752181500873e-05
113001859	5.453752181500873e-05
113001885	5.453752181500873e-05
113001938	5.453752181500873e-05
113001960	5.453752181500873e-05
113001965	5.453752181500873e-05
113002131	5.453752181500873e-05
113002170	5.453752181500873e-05
113002237	5.453752181500873e-05
113002288	5.453752181500873e-05
113002305	5.453752181500873e-05
113002315	5.453752181500873e-05
113002424	5.453752181500873e-05
113002467	5.453752181500873e-05
113002478	5.453752181500873e-05
113002506	5.453752181500873e-05
113002545	5.453752181500873e-05
113002545	5.453752181500873e-05
113002639	5.453752181500873e-05
113002650	5.453752181500873e-05
113002774	5.453752181500873e-05
113002784	5.453752181500873e-05
113002796	5.453752181500873e-05
113002821	5.453752181500873e-05
113002863	5.453752181500873e-05
113002899	5.453752181500873e-05
113002902	5.453752181500873e-05
113002913	5.453752181500873e-05
113002971	5.453752181500873e-05
113003110	5.453752181500873e-05
113003247	5.453752181500873e-05
113003296	5.453752181500873e-05
113003319	5.453752181500873e-05
113003362	5.453752181500873e-05
113003386	5.453752181500873e-05
113003399	5.453752181500873e-05
113003489	5.453752181500873e-05
113003517	5.453752181500873e-05
113003531	5.453752181500873e-05
113003532	5.453752181500873e-05
113003574	5.453752181500873e-05
113003655	5.453752181500873e-05
113003710	5.453752181500873e-05
113003742	5.453752181500873e-05
113003763	5.453752181500873e-05
113003775	5.453752181500873e-05
113003795	5.453752181500873e-05
113003800	5.453752181500873e-05
113003890	5.453752181500873e-05
113003894	5.453752181500873e-05
113003897	5.453752181500873e-05
113003900	5.453752181500873e-05
113003903	5.453752181500873e-05
113003934	5.453752181500873e-05
113003935	5.453752181500873e-05
113003949	5.453752181500873e-05
113004031	5.453752181500873e-05
113004039	5.453752181500873e-05
113004062	5.453752181500873e-05
113004074	5.453752181500873e-05
113004090	5.453752181500873e-05
113004101	5.453752181500873e-05
113004177	5.453752181500873e-05
113004186	5.453752181500873e-05
113004187	5.453752181500873e-05
113004220	5.453752181500873e-05
113004229	5.453752181500873e-05
113004246	5.453752181500873e-05
113004262	5.453752181500873e-05
113004374	5.453752181500873e-05
113004427	5.453752181500873e-05
113004443	5.453752181500873e-05
113004484	5.453752181500873e-05
113004677	5.453752181500873e-05
113004683	5.453752181500873e-05
113004688	5.453752181500873e-05
113004803	5.453752181500873e-05
113004819	5.453752181500873e-05
113004820	5.453752181500873e-05
113004822	5.453752181500873e-05
113004844	5.453752181500873e-05
113004860	5.453752181500873e-05
113004869	5.453752181500873e-05
113004874	5.453752181500873e-05
113004902	5.453752181500873e-05
113004904	5.453752181500873e-05
113004946	5.453752181500873e-05
113005046	5.453752181500873e-05
113005047	5.453752181500873e-05
113005059	5.453752181500873e-05
113005066	5.453752181500873e-05
113005082	5.453752181500873e-05
113005105	5.453752181500873e-05
113005169	5.453752181500873e-05
113005179	5.453752181500873e-05
113005184	5.453752181500873e-05
113005191	5.453752181500873e-05
113005200	5.453752181500873e-05
113005203	5.453752181500873e-05
113005218	5.453752181500873e-05
113005257	5.453752181500873e-05
113005305	5.453752181500873e-05
113005332	5.453752181500873e-05
113005359	5.453752181500873e-05
113005408	5.453752181500873e-05
113005412	5.453752181500873e-05
113005413	5.453752181500873e-05
113005467	5.453752181500873e-05
113005481	5.453752181500873e-05
113005514	5.453752181500873e-05
113005526	5.453752181500873e-05
113005540	5.453752181500873e-05
113005562	5.453752181500873e-05
113005579	5.453752181500873e-05
113005580	5.453752181500873e-05
113005614	5.453752181500873e-05
113005631	5.453752181500873e-05
113005660	5.453752181500873e-05
113005662	5.453752181500873e-05
113005672	5.453752181500873e-05
113005700	5.453752181500873e-05
113005701	5.453752181500873e-05
113005710	5.453752181500873e-05
113005718	5.453752181500873e-05
113005735	5.453752181500873e-05
113005757	5.453752181500873e-05
113005762	5.453752181500873e-05
113005813	5.453752181500873e-05
113005827	5.453752181500873e-05
113005835	5.453752181500873e-05
113005866	5.453752181500873e-05
113005973	5.453752181500873e-05
113005988	5.453752181500873e-05
113006029	5.453752181500873e-05
113006031	5.453752181500873e-05
113006159	5.453752181500873e-05
113006171	5.453752181500873e-05
113006183	5.453752181500873e-05
113006209	5.453752181500873e-05
113006289	5.453752181500873e-05
113006296	5.453752181500873e-05
113006298	5.453752181500873e-05
113006367	5.453752181500873e-05
113006395	5.453752181500873e-05
113006482	5.453752181500873e-05
113006483	5.453752181500873e-05
113006495	5.453752181500873e-05
113006712	5.453752181500873e-05
113006719	5.453752181500873e-05
113006732	5.453752181500873e-05
113006786	5.453752181500873e-05
113006787	5.453752181500873e-05
113006802	5.453752181500873e-05
113006857	5.453752181500873e-05
113006865	5.453752181500873e-05
113006872	5.453752181500873e-05
113006908	5.453752181500873e-05
113006944	5.453752181500873e-05
113006958	5.453752181500873e-05
113007035	5.453752181500873e-05
113007057	5.453752181500873e-05
113007103	5.453752181500873e-05
113007124	5.453752181500873e-05
113007154	5.453752181500873e-05
113007201	5.453752181500873e-05
113007230	5.453752181500873e-05
113007236	5.453752181500873e-05
113007317	5.453752181500873e-05
113007327	5.453752181500873e-05
113007454	5.453752181500873e-05
113007456	5.453752181500873e-05
113007657	5.453752181500873e-05
113007701	5.453752181500873e-05
113007751	5.453752181500873e-05
113007851	5.453752181500873e-05
113007868	5.453752181500873e-05
113007882	5.453752181500873e-05
113007909	5.453752181500873e-05
113007917	5.453752181500873e-05
113007990	5.453752181500873e-05
113008012	5.453752181500873e-05
113008059	5.453752181500873e-05
113008095	5.453752181500873e-05
113008125	5.453752181500873e-05
113008129	5.453752181500873e-05
113008174	5.453752181500873e-05
113008235	5.453752181500873e-05
113008262	5.453752181500873e-05
113008269	5.453752181500873e-05
113008330	5.453752181500873e-05
113008332	5.453752181500873e-05
113008390	5.453752181500873e-05
113008391	5.453752181500873e-05
113008392	5.453752181500873e-05
113008514	5.453752181500873e-05
113008550	5.453752181500873e-05
113008584	5.453752181500873e-05
113008604	5.453752181500873e-05
113008695	5.453752181500873e-05
113008715	5.453752181500873e-05
113008716	5.453752181500873e-05
113008743	5.453752181500873e-05
113008744	5.453752181500873e-05
113008817	5.453752181500873e-05
113008850	5.453752181500873e-05
113008899	5.453752181500873e-05
113008907	5.453752181500873e-05
113008920	5.453752181500873e-05
113008957	5.453752181500873e-05
113008976	5.453752181500873e-05
113009002	5.453752181500873e-05
113009022	5.453752181500873e-05
113009023	5.453752181500873e-05
113009024	5.453752181500873e-05
113009045	5.453752181500873e-05
113009110	5.453752181500873e-05
113009170	5.453752181500873e-05
113009254	5.453752181500873e-05
113009326	5.453752181500873e-05
113009347	5.453752181500873e-05
113009369	5.453752181500873e-05
113009475	5.453752181500873e-05
113009493	5.453752181500873e-05
113009625	5.453752181500873e-05
113009647	5.453752181500873e-05
113009667	5.453752181500873e-05
113009679	5.453752181500873e-05
113009733	5.453752181500873e-05
113009777	5.453752181500873e-05
113009804	5.453752181500873e-05
113009837	5.453752181500873e-05
113009883	5.453752181500873e-05
113009979	5.453752181500873e-05
113010001	5.453752181500873e-05
113010031	5.453752181500873e-05
113010088	5.453752181500873e-05
113010199	5.453752181500873e-05
113010220	5.453752181500873e-05
113010366	5.453752181500873e-05
113010387	5.453752181500873e-05
113010439	5.453752181500873e-05
113010440	5.453752181500873e-05
113010463	5.453752181500873e-05
113010470	5.453752181500873e-05
113010481	5.453752181500873e-05
113010486	5.453752181500873e-05
113010541	5.453752181500873e-05
113010542	5.453752181500873e-05
113010576	5.453752181500873e-05
113010614	5.453752181500873e-05
113010639	5.453752181500873e-05
113010659	5.453752181500873e-05
113010680	5.453752181500873e-05
113010780	5.453752181500873e-05
113010847	5.453752181500873e-05
113010872	5.453752181500873e-05
113010873	5.453752181500873e-05
113010885	5.453752181500873e-05
113010886	5.453752181500873e-05
113010967	5.453752181500873e-05
113010981	5.453752181500873e-05
113011008	5.453752181500873e-05
113011101	5.453752181500873e-05
113011133	5.453752181500873e-05
113011339	5.453752181500873e-05
113011343	5.453752181500873e-05
113011344	5.453752181500873e-05
113011349	5.453752181500873e-05
113011355	5.453752181500873e-05
113011360	5.453752181500873e-05
113011387	5.453752181500873e-05
113011401	5.453752181500873e-05
113011416	5.453752181500873e-05
113011523	5.453752181500873e-05
113011524	5.453752181500873e-05
113011587	5.453752181500873e-05
113011596	5.453752181500873e-05
113011621	5.453752181500873e-05
113011622	5.453752181500873e-05
113011667	5.453752181500873e-05
113011684	5.453752181500873e-05
113011690	5.453752181500873e-05
113011714	5.453752181500873e-05
113011733	5.453752181500873e-05
113011771	5.453752181500873e-05
113011811	5.453752181500873e-05
113011814	5.453752181500873e-05
113011815	5.453752181500873e-05
113011887	5.453752181500873e-05
113011906	5.453752181500873e-05
113011929	5.453752181500873e-05
113011946	5.453752181500873e-05
113011990	5.453752181500873e-05
113012005	5.453752181500873e-05
113012018	5.453752181500873e-05
113012084	5.453752181500873e-05
113012091	5.453752181500873e-05
113012157	5.453752181500873e-05
113012158	5.453752181500873e-05
113012171	5.453752181500873e-05
113012194	5.453752181500873e-05
113012204	5.453752181500873e-05
113012209	5.453752181500873e-05
113012329	5.453752181500873e-05
113012413	5.453752181500873e-05
113012421	5.453752181500873e-05
113012433	5.453752181500873e-05
113012490	5.453752181500873e-05
113012494	5.453752181500873e-05
113012550	5.453752181500873e-05
113012612	5.453752181500873e-05
113012670	5.453752181500873e-05
113012701	5.453752181500873e-05
113012704	5.453752181500873e-05
113012713	5.453752181500873e-05
113012830	5.453752181500873e-05
113012836	5.453752181500873e-05
113012872	5.453752181500873e-05
113012911	5.453752181500873e-05
113012932	5.453752181500873e-05
113012961	5.453752181500873e-05
113012987	5.453752181500873e-05
113013180	5.453752181500873e-05
113013204	5.453752181500873e-05
113013221	5.453752181500873e-05
113013264	5.453752181500873e-05
113013267	5.453752181500873e-05
113013268	5.453752181500873e-05
113013268	5.453752181500873e-05
113013275	5.453752181500873e-05
113013309	5.453752181500873e-05
113013318	5.453752181500873e-05
113013372	5.453752181500873e-05
113013440	5.453752181500873e-05
113013496	5.453752181500873e-05
113013506	5.453752181500873e-05
113013543	5.453752181500873e-05
113013594	5.453752181500873e-05
113013606	5.453752181500873e-05
113013625	5.453752181500873e-05
113013658	5.453752181500873e-05
113013662	5.453752181500873e-05
113013663	5.453752181500873e-05
113013756	5.453752181500873e-05
113013781	5.453752181500873e-05
113013783	5.453752181500873e-05
113013786	5.453752181500873e-05
113013813	5.453752181500873e-05
113013849	5.453752181500873e-05
113013855	5.453752181500873e-05
113013894	5.453752181500873e-05
113013929	5.453752181500873e-05
113013958	5.453752181500873e-05
113013990	5.453752181500873e-05
113013994	5.453752181500873e-05
113014001	5.453752181500873e-05
113014021	5.453752181500873e-05
113014025	5.453752181500873e-05
113014060	5.453752181500873e-05
113014062	5.453752181500873e-05
113014093	5.453752181500873e-05
113014113	5.453752181500873e-05
113014128	5.453752181500873e-05
113014149	5.453752181500873e-05
113014167	5.453752181500873e-05
113014168	5.453752181500873e-05
113014240	5.453752181500873e-05
113014268	5.453752181500873e-05
113014347	5.453752181500873e-05
113014369	5.453752181500873e-05
113014374	5.453752181500873e-05
113014419	5.453752181500873e-05
113014422	5.453752181500873e-05
113014478	5.453752181500873e-05
113014479	5.453752181500873e-05
113014514	5.453752181500873e-05
113014519	5.453752181500873e-05
113014554	5.453752181500873e-05
113014558	5.453752181500873e-05
113014565	5.453752181500873e-05
113014567	5.453752181500873e-05
113014613	5.453752181500873e-05
113014639	5.453752181500873e-05
113014658	5.453752181500873e-05
113014674	5.453752181500873e-05
113014713	5.453752181500873e-05
113014717	5.453752181500873e-05
113014772	5.453752181500873e-05
113014789	5.453752181500873e-05
113014805	5.453752181500873e-05
113014829	5.453752181500873e-05
113014858	5.453752181500873e-05
113014937	5.453752181500873e-05
113014942	5.453752181500873e-05
113014953	5.453752181500873e-05
113015046	5.453752181500873e-05
113015070	5.453752181500873e-05
113015128	5.453752181500873e-05
113015192	5.453752181500873e-05
113015240	5.453752181500873e-05
113015249	5.453752181500873e-05
113015374	5.453752181500873e-05
113015384	5.453752181500873e-05
113015404	5.453752181500873e-05
113015439	5.453752181500873e-05
113015547	5.453752181500873e-05
113015601	5.453752181500873e-05
113015624	5.453752181500873e-05
113015652	5.453752181500873e-05
113015653	5.453752181500873e-05
113015729	5.453752181500873e-05
113015768	5.453752181500873e-05
113015770	5.453752181500873e-05
113015785	5.453752181500873e-05
113015792	5.453752181500873e-05
113015840	5.453752181500873e-05
113015854	5.453752181500873e-05
113015855	5.453752181500873e-05
113015914	5.453752181500873e-05
113015922	5.453752181500873e-05
113015952	5.453752181500873e-05
113015966	5.453752181500873e-05
113015968	5.453752181500873e-05
113015969	5.453752181500873e-05
113015995	5.453752181500873e-05
113016062	5.453752181500873e-05


Area Under the EHH Curve (AUEHH): 4576.99
Standard Deviation of EHH Values: 0.124



